timestamp,wall_time_epoch_ms,sample_id,experiment_id,elapsed_s,dt_s,state_read_ok,mode,traffic_profile,active_policy,policy_id,candidate_path_id,policy_seq,decision_id,reroute_event,cooldown_active,event,event_ts,cooldown_until,elephant_path_hint,elephant_flow_id,elephant_topk_rank,ingress_node,segment_list,controller_epoch_s,gain_mlu_pct,gain_rtt_ms,policy_seq_delta,policy_changed,decision_changed,path_changed,controller_lag_s
2026-04-06T11:08:11.188,1775444891188,0,exp_igp_run1,0.001,0.001,1,igp,medium,igp,igp_default,igp_shortest,0,igp_baseline,0,0,none,,,igp,,,r1,,0,,,0,1,1,1,
2026-04-06T11:08:13.876,1775444893876,1,exp_igp_run1,2.689,2.687,1,igp,medium,igp,igp_default,igp_shortest,0,igp_baseline,0,0,none,,,igp,,,r1,,0,,,0,0,0,0,
2026-04-06T11:08:16.523,1775444896523,2,exp_igp_run1,5.335,2.647,1,igp,medium,igp,igp_default,igp_shortest,0,igp_baseline,0,0,none,,,igp,,,r1,,0,,,0,0,0,0,
2026-04-06T11:08:19.182,1775444899182,3,exp_igp_run1,7.995,2.659,1,igp,medium,igp,igp_default,igp_shortest,0,igp_baseline,0,0,none,,,igp,,,r1,,0,,,0,0,0,0,
2026-04-06T11:08:21.872,1775444901872,4,exp_igp_run1,10.685,2.691,1,igp,medium,igp,igp_default,igp_shortest,0,igp_baseline,0,0,none,,,igp,,,r1,,0,,,0,0,0,0,
2026-04-06T11:08:24.605,1775444904605,5,exp_igp_run1,13.417,2.732,1,igp,medium,igp,igp_default,igp_shortest,0,igp_baseline,0,0,none,,,igp,,,r1,,0,,,0,0,0,0,
2026-04-06T11:08:27.476,1775444907476,6,exp_igp_run1,16.289,2.872,1,igp,medium,igp,igp_default,igp_shortest,0,igp_baseline,0,0,none,,,igp,,,r1,,0,,,0,0,0,0,
2026-04-06T11:08:30.305,1775444910305,7,exp_igp_run1,19.118,2.828,1,igp,medium,igp,igp_default,igp_shortest,0,igp_baseline,0,0,none,,,igp,,,r1,,0,,,0,0,0,0,
2026-04-06T11:08:33.000,1775444913000,8,exp_igp_run1,21.813,2.695,1,igp,medium,igp,igp_default,igp_shortest,0,igp_baseline,0,0,none,,,igp,,,r1,,0,,,0,0,0,0,
2026-04-06T11:08:35.821,1775444915821,9,exp_igp_run1,24.634,2.821,1,igp,medium,igp,igp_default,igp_shortest,0,igp_baseline,0,0,none,,,igp,,,r1,,0,,,0,0,0,0,
2026-04-06T11:08:38.536,1775444918536,10,exp_igp_run1,27.349,2.715,1,igp,medium,igp,igp_default,igp_shortest,0,igp_baseline,0,0,none,,,igp,,,r1,,0,,,0,0,0,0,
2026-04-06T11:08:41.245,1775444921245,11,exp_igp_run1,30.058,2.709,1,igp,medium,igp,igp_default,igp_shortest,0,igp_baseline,0,0,none,,,igp,,,r1,,0,,,0,0,0,0,
2026-04-06T11:08:43.984,1775444923984,12,exp_igp_run1,32.797,2.739,1,igp,medium,igp,igp_default,igp_shortest,0,igp_baseline,0,0,none,,,igp,,,r1,,0,,,0,0,0,0,
2026-04-06T11:08:46.782,1775444926782,13,exp_igp_run1,35.595,2.798,1,igp,medium,igp,igp_default,igp_shortest,0,igp_baseline,0,0,none,,,igp,,,r1,,0,,,0,0,0,0,
2026-04-06T11:08:49.669,1775444929669,14,exp_igp_run1,38.482,2.887,1,igp,medium,igp,igp_default,igp_shortest,0,igp_baseline,0,0,none,,,igp,,,r1,,0,,,0,0,0,0,
2026-04-06T11:08:52.486,1775444932486,15,exp_igp_run1,41.298,2.816,1,igp,medium,igp,igp_default,igp_shortest,0,igp_baseline,0,0,none,,,igp,,,r1,,0,,,0,0,0,0,
2026-04-06T11:08:55.408,1775444935408,16,exp_igp_run1,44.221,2.922,1,igp,medium,igp,igp_default,igp_shortest,0,igp_baseline,0,0,none,,,igp,,,r1,,0,,,0,0,0,0,
2026-04-06T11:08:58.494,1775444938494,17,exp_igp_run1,47.307,3.086,1,igp,medium,igp,igp_default,igp_shortest,0,igp_baseline,0,0,none,,,igp,,,r1,,0,,,0,0,0,0,
2026-04-06T11:09:01.624,1775444941624,18,exp_igp_run1,50.437,3.13,1,igp,medium,igp,igp_default,igp_shortest,0,igp_baseline,0,0,none,,,igp,,,r1,,0,,,0,0,0,0,
2026-04-06T11:09:04.505,1775444944505,19,exp_igp_run1,53.317,2.88,1,igp,medium,igp,igp_default,igp_shortest,0,igp_baseline,0,0,none,,,igp,,,r1,,0,,,0,0,0,0,
2026-04-06T11:09:07.198,1775444947198,20,exp_igp_run1,56.011,2.693,1,igp,medium,igp,igp_default,igp_shortest,0,igp_baseline,0,0,none,,,igp,,,r1,,0,,,0,0,0,0,
2026-04-06T11:09:09.853,1775444949853,21,exp_igp_run1,58.666,2.656,1,igp,medium,igp,igp_default,igp_shortest,0,igp_baseline,0,0,none,,,igp,,,r1,,0,,,0,0,0,0,
2026-04-06T11:09:12.645,1775444952645,22,exp_igp_run1,61.458,2.792,1,igp,medium,igp,igp_default,igp_shortest,0,igp_baseline,0,0,none,,,igp,,,r1,,0,,,0,0,0,0,
2026-04-06T11:09:15.679,1775444955679,23,exp_igp_run1,64.492,3.034,1,igp,medium,igp,igp_default,igp_shortest,0,igp_baseline,0,0,none,,,igp,,,r1,,0,,,0,0,0,0,
2026-04-06T11:09:18.440,1775444958440,24,exp_igp_run1,67.253,2.761,1,igp,medium,igp,igp_default,igp_shortest,0,igp_baseline,0,0,none,,,igp,,,r1,,0,,,0,0,0,0,
2026-04-06T11:09:21.118,1775444961118,25,exp_igp_run1,69.931,2.678,1,igp,medium,igp,igp_default,igp_shortest,0,igp_baseline,0,0,none,,,igp,,,r1,,0,,,0,0,0,0,
2026-04-06T11:09:23.913,1775444963913,26,exp_igp_run1,72.726,2.795,1,igp,medium,igp,igp_default,igp_shortest,0,igp_baseline,0,0,none,,,igp,,,r1,,0,,,0,0,0,0,
2026-04-06T11:09:26.733,1775444966733,27,exp_igp_run1,75.546,2.82,1,igp,medium,igp,igp_default,igp_shortest,0,igp_baseline,0,0,none,,,igp,,,r1,,0,,,0,0,0,0,
2026-04-06T11:09:29.685,1775444969685,28,exp_igp_run1,78.498,2.952,1,igp,medium,igp,igp_default,igp_shortest,0,igp_baseline,0,0,none,,,igp,,,r1,,0,,,0,0,0,0,
2026-04-06T11:09:32.960,1775444972960,29,exp_igp_run1,81.773,3.275,1,igp,medium,igp,igp_default,igp_shortest,0,igp_baseline,0,0,none,,,igp,,,r1,,0,,,0,0,0,0,
2026-04-06T11:09:36.854,1775444976854,30,exp_igp_run1,85.667,3.894,1,igp,medium,igp,igp_default,igp_shortest,0,igp_baseline,0,0,none,,,igp,,,r1,,0,,,0,0,0,0,
2026-04-06T11:09:39.986,1775444979986,31,exp_igp_run1,88.799,3.132,1,igp,medium,igp,igp_default,igp_shortest,0,igp_baseline,0,0,none,,,igp,,,r1,,0,,,0,0,0,0,
2026-04-06T11:09:42.665,1775444982665,32,exp_igp_run1,91.478,2.679,1,igp,medium,igp,igp_default,igp_shortest,0,igp_baseline,0,0,none,,,igp,,,r1,,0,,,0,0,0,0,
2026-04-06T11:09:45.447,1775444985447,33,exp_igp_run1,94.26,2.782,1,igp,medium,igp,igp_default,igp_shortest,0,igp_baseline,0,0,none,,,igp,,,r1,,0,,,0,0,0,0,
2026-04-06T11:09:48.218,1775444988218,34,exp_igp_run1,97.03,2.77,1,igp,medium,igp,igp_default,igp_shortest,0,igp_baseline,0,0,none,,,igp,,,r1,,0,,,0,0,0,0,
2026-04-06T11:09:50.885,1775444990885,35,exp_igp_run1,99.697,2.667,1,igp,medium,igp,igp_default,igp_shortest,0,igp_baseline,0,0,none,,,igp,,,r1,,0,,,0,0,0,0,
2026-04-06T11:09:53.482,1775444993482,36,exp_igp_run1,102.294,2.597,1,igp,medium,igp,igp_default,igp_shortest,0,igp_baseline,0,0,none,,,igp,,,r1,,0,,,0,0,0,0,
2026-04-06T11:09:56.150,1775444996150,37,exp_igp_run1,104.962,2.668,1,igp,medium,igp,igp_default,igp_shortest,0,igp_baseline,0,0,none,,,igp,,,r1,,0,,,0,0,0,0,
2026-04-06T11:09:58.893,1775444998893,38,exp_igp_run1,107.706,2.744,1,igp,medium,igp,igp_default,igp_shortest,0,igp_baseline,0,0,none,,,igp,,,r1,,0,,,0,0,0,0,
2026-04-06T11:10:01.555,1775445001555,39,exp_igp_run1,110.367,2.661,1,igp,medium,igp,igp_default,igp_shortest,0,igp_baseline,0,0,none,,,igp,,,r1,,0,,,0,0,0,0,
2026-04-06T11:10:04.241,1775445004241,40,exp_igp_run1,113.054,2.686,1,igp,medium,igp,igp_default,igp_shortest,0,igp_baseline,0,0,none,,,igp,,,r1,,0,,,0,0,0,0,
2026-04-06T11:10:06.953,1775445006953,41,exp_igp_run1,115.766,2.712,1,igp,medium,igp,igp_default,igp_shortest,0,igp_baseline,0,0,none,,,igp,,,r1,,0,,,0,0,0,0,
2026-04-06T11:10:09.662,1775445009662,42,exp_igp_run1,118.475,2.709,1,igp,medium,igp,igp_default,igp_shortest,0,igp_baseline,0,0,none,,,igp,,,r1,,0,,,0,0,0,0,
2026-04-06T11:10:12.325,1775445012325,43,exp_igp_run1,121.138,2.663,1,igp,medium,igp,igp_default,igp_shortest,0,igp_baseline,0,0,none,,,igp,,,r1,,0,,,0,0,0,0,
2026-04-06T11:10:14.946,1775445014946,44,exp_igp_run1,123.759,2.621,1,igp,medium,igp,igp_default,igp_shortest,0,igp_baseline,0,0,none,,,igp,,,r1,,0,,,0,0,0,0,
2026-04-06T11:10:17.570,1775445017570,45,exp_igp_run1,126.383,2.624,1,igp,medium,igp,igp_default,igp_shortest,0,igp_baseline,0,0,none,,,igp,,,r1,,0,,,0,0,0,0,
2026-04-06T11:10:20.242,1775445020242,46,exp_igp_run1,129.055,2.672,1,igp,medium,igp,igp_default,igp_shortest,0,igp_baseline,0,0,none,,,igp,,,r1,,0,,,0,0,0,0,
2026-04-06T11:10:23.037,1775445023037,47,exp_igp_run1,131.849,2.795,1,igp,medium,igp,igp_default,igp_shortest,0,igp_baseline,0,0,none,,,igp,,,r1,,0,,,0,0,0,0,
2026-04-06T11:10:25.890,1775445025890,48,exp_igp_run1,134.703,2.853,1,igp,medium,igp,igp_default,igp_shortest,0,igp_baseline,0,0,none,,,igp,,,r1,,0,,,0,0,0,0,
2026-04-06T11:10:28.732,1775445028732,49,exp_igp_run1,137.545,2.842,1,igp,medium,igp,igp_default,igp_shortest,0,igp_baseline,0,0,none,,,igp,,,r1,,0,,,0,0,0,0,
2026-04-06T11:10:31.532,1775445031532,50,exp_igp_run1,140.345,2.8,1,igp,medium,igp,igp_default,igp_shortest,0,igp_baseline,0,0,none,,,igp,,,r1,,0,,,0,0,0,0,
2026-04-06T11:10:34.688,1775445034688,51,exp_igp_run1,143.501,3.157,1,igp,medium,igp,igp_default,igp_shortest,0,igp_baseline,0,0,none,,,igp,,,r1,,0,,,0,0,0,0,
2026-04-06T11:10:37.412,1775445037412,52,exp_igp_run1,146.225,2.723,1,igp,medium,igp,igp_default,igp_shortest,0,igp_baseline,0,0,none,,,igp,,,r1,,0,,,0,0,0,0,
2026-04-06T11:10:40.478,1775445040478,53,exp_igp_run1,149.291,3.067,1,igp,medium,igp,igp_default,igp_shortest,0,igp_baseline,0,0,none,,,igp,,,r1,,0,,,0,0,0,0,
2026-04-06T11:10:43.213,1775445043213,54,exp_igp_run1,152.025,2.734,1,igp,medium,igp,igp_default,igp_shortest,0,igp_baseline,0,0,none,,,igp,,,r1,,0,,,0,0,0,0,
2026-04-06T11:10:46.318,1775445046318,55,exp_igp_run1,155.131,3.105,1,igp,medium,igp,igp_default,igp_shortest,0,igp_baseline,0,0,none,,,igp,,,r1,,0,,,0,0,0,0,
2026-04-06T11:10:49.326,1775445049326,56,exp_igp_run1,158.139,3.008,1,igp,medium,igp,igp_default,igp_shortest,0,igp_baseline,0,0,none,,,igp,,,r1,,0,,,0,0,0,0,
2026-04-06T11:10:52.049,1775445052049,57,exp_igp_run1,160.862,2.724,1,igp,medium,igp,igp_default,igp_shortest,0,igp_baseline,0,0,none,,,igp,,,r1,,0,,,0,0,0,0,
2026-04-06T11:10:54.813,1775445054813,58,exp_igp_run1,163.626,2.764,1,igp,medium,igp,igp_default,igp_shortest,0,igp_baseline,0,0,none,,,igp,,,r1,,0,,,0,0,0,0,
2026-04-06T11:10:57.733,1775445057733,59,exp_igp_run1,166.545,2.919,1,igp,medium,igp,igp_default,igp_shortest,0,igp_baseline,0,0,none,,,igp,,,r1,,0,,,0,0,0,0,
2026-04-06T11:11:00.529,1775445060529,60,exp_igp_run1,169.342,2.797,1,igp,medium,igp,igp_default,igp_shortest,0,igp_baseline,0,0,none,,,igp,,,r1,,0,,,0,0,0,0,
2026-04-06T11:11:03.264,1775445063264,61,exp_igp_run1,172.077,2.735,1,igp,medium,igp,igp_default,igp_shortest,0,igp_baseline,0,0,none,,,igp,,,r1,,0,,,0,0,0,0,
2026-04-06T11:11:06.048,1775445066048,62,exp_igp_run1,174.861,2.784,1,igp,medium,igp,igp_default,igp_shortest,0,igp_baseline,0,0,none,,,igp,,,r1,,0,,,0,0,0,0,
2026-04-06T11:11:08.781,1775445068781,63,exp_igp_run1,177.594,2.733,1,igp,medium,igp,igp_default,igp_shortest,0,igp_baseline,0,0,none,,,igp,,,r1,,0,,,0,0,0,0,
2026-04-06T11:11:11.467,1775445071467,64,exp_igp_run1,180.28,2.686,1,igp,medium,igp,igp_default,igp_shortest,0,igp_baseline,0,0,none,,,igp,,,r1,,0,,,0,0,0,0,
2026-04-06T11:11:14.167,1775445074167,65,exp_igp_run1,182.98,2.7,1,igp,medium,igp,igp_default,igp_shortest,0,igp_baseline,0,0,none,,,igp,,,r1,,0,,,0,0,0,0,
2026-04-06T11:11:16.838,1775445076838,66,exp_igp_run1,185.65,2.671,1,igp,medium,igp,igp_default,igp_shortest,0,igp_baseline,0,0,none,,,igp,,,r1,,0,,,0,0,0,0,
2026-04-06T11:11:19.527,1775445079527,67,exp_igp_run1,188.34,2.69,1,igp,medium,igp,igp_default,igp_shortest,0,igp_baseline,0,0,none,,,igp,,,r1,,0,,,0,0,0,0,
2026-04-06T11:11:22.154,1775445082154,68,exp_igp_run1,190.967,2.627,1,igp,medium,igp,igp_default,igp_shortest,0,igp_baseline,0,0,none,,,igp,,,r1,,0,,,0,0,0,0,
2026-04-06T11:11:24.757,1775445084757,69,exp_igp_run1,193.569,2.603,1,igp,medium,igp,igp_default,igp_shortest,0,igp_baseline,0,0,none,,,igp,,,r1,,0,,,0,0,0,0,
2026-04-06T11:11:27.463,1775445087463,70,exp_igp_run1,196.276,2.706,1,igp,medium,igp,igp_default,igp_shortest,0,igp_baseline,0,0,none,,,igp,,,r1,,0,,,0,0,0,0,
2026-04-06T11:11:30.093,1775445090093,71,exp_igp_run1,198.905,2.63,1,igp,medium,igp,igp_default,igp_shortest,0,igp_baseline,0,0,none,,,igp,,,r1,,0,,,0,0,0,0,
2026-04-06T11:11:32.813,1775445092813,72,exp_igp_run1,201.626,2.72,1,igp,medium,igp,igp_default,igp_shortest,0,igp_baseline,0,0,none,,,igp,,,r1,,0,,,0,0,0,0,
2026-04-06T11:11:35.437,1775445095437,73,exp_igp_run1,204.25,2.624,1,igp,medium,igp,igp_default,igp_shortest,0,igp_baseline,0,0,none,,,igp,,,r1,,0,,,0,0,0,0,
2026-04-06T11:11:38.224,1775445098224,74,exp_igp_run1,207.037,2.787,1,igp,medium,igp,igp_default,igp_shortest,0,igp_baseline,0,0,none,,,igp,,,r1,,0,,,0,0,0,0,
2026-04-06T11:11:40.926,1775445100926,75,exp_igp_run1,209.739,2.702,1,igp,medium,igp,igp_default,igp_shortest,0,igp_baseline,0,0,none,,,igp,,,r1,,0,,,0,0,0,0,
2026-04-06T11:11:43.677,1775445103677,76,exp_igp_run1,212.49,2.751,1,igp,medium,igp,igp_default,igp_shortest,0,igp_baseline,0,0,none,,,igp,,,r1,,0,,,0,0,0,0,
2026-04-06T11:11:46.435,1775445106436,77,exp_igp_run1,215.248,2.759,1,igp,medium,igp,igp_default,igp_shortest,0,igp_baseline,0,0,none,,,igp,,,r1,,0,,,0,0,0,0,
2026-04-06T11:11:49.308,1775445109308,78,exp_igp_run1,218.121,2.873,1,igp,medium,igp,igp_default,igp_shortest,0,igp_baseline,0,0,none,,,igp,,,r1,,0,,,0,0,0,0,
2026-04-06T11:11:51.998,1775445111998,79,exp_igp_run1,220.811,2.69,1,igp,medium,igp,igp_default,igp_shortest,0,igp_baseline,0,0,none,,,igp,,,r1,,0,,,0,0,0,0,
2026-04-06T11:11:54.772,1775445114772,80,exp_igp_run1,223.585,2.774,1,igp,medium,igp,igp_default,igp_shortest,0,igp_baseline,0,0,none,,,igp,,,r1,,0,,,0,0,0,0,
2026-04-06T11:11:57.495,1775445117495,81,exp_igp_run1,226.308,2.723,1,igp,medium,igp,igp_default,igp_shortest,0,igp_baseline,0,0,none,,,igp,,,r1,,0,,,0,0,0,0,
2026-04-06T11:12:00.243,1775445120243,82,exp_igp_run1,229.055,2.748,1,igp,medium,igp,igp_default,igp_shortest,0,igp_baseline,0,0,none,,,igp,,,r1,,0,,,0,0,0,0,
2026-04-06T11:12:02.974,1775445122974,83,exp_igp_run1,231.787,2.731,1,igp,medium,igp,igp_default,igp_shortest,0,igp_baseline,0,0,none,,,igp,,,r1,,0,,,0,0,0,0,
2026-04-06T11:12:05.683,1775445125683,84,exp_igp_run1,234.496,2.709,1,igp,medium,igp,igp_default,igp_shortest,0,igp_baseline,0,0,none,,,igp,,,r1,,0,,,0,0,0,0,
2026-04-06T11:12:08.397,1775445128397,85,exp_igp_run1,237.21,2.714,1,igp,medium,igp,igp_default,igp_shortest,0,igp_baseline,0,0,none,,,igp,,,r1,,0,,,0,0,0,0,
2026-04-06T11:12:11.119,1775445131119,86,exp_igp_run1,239.931,2.721,1,igp,medium,igp,igp_default,igp_shortest,0,igp_baseline,0,0,none,,,igp,,,r1,,0,,,0,0,0,0,
2026-04-06T11:12:13.833,1775445133833,87,exp_igp_run1,242.646,2.715,1,igp,medium,igp,igp_default,igp_shortest,0,igp_baseline,0,0,none,,,igp,,,r1,,0,,,0,0,0,0,
2026-04-06T11:12:16.497,1775445136497,88,exp_igp_run1,245.31,2.664,1,igp,medium,igp,igp_default,igp_shortest,0,igp_baseline,0,0,none,,,igp,,,r1,,0,,,0,0,0,0,
2026-04-06T11:12:19.223,1775445139223,89,exp_igp_run1,248.036,2.726,1,igp,medium,igp,igp_default,igp_shortest,0,igp_baseline,0,0,none,,,igp,,,r1,,0,,,0,0,0,0,
2026-04-06T11:12:21.981,1775445141981,90,exp_igp_run1,250.794,2.758,1,igp,medium,igp,igp_default,igp_shortest,0,igp_baseline,0,0,none,,,igp,,,r1,,0,,,0,0,0,0,
2026-04-06T11:12:24.661,1775445144661,91,exp_igp_run1,253.474,2.68,1,igp,medium,igp,igp_default,igp_shortest,0,igp_baseline,0,0,none,,,igp,,,r1,,0,,,0,0,0,0,
2026-04-06T11:12:27.433,1775445147433,92,exp_igp_run1,256.246,2.772,1,igp,medium,igp,igp_default,igp_shortest,0,igp_baseline,0,0,none,,,igp,,,r1,,0,,,0,0,0,0,
2026-04-06T11:12:30.096,1775445150096,93,exp_igp_run1,258.909,2.663,1,igp,medium,igp,igp_default,igp_shortest,0,igp_baseline,0,0,none,,,igp,,,r1,,0,,,0,0,0,0,
2026-04-06T11:12:32.781,1775445152781,94,exp_igp_run1,261.594,2.685,1,igp,medium,igp,igp_default,igp_shortest,0,igp_baseline,0,0,none,,,igp,,,r1,,0,,,0,0,0,0,
2026-04-06T11:12:35.534,1775445155534,95,exp_igp_run1,264.347,2.752,1,igp,medium,igp,igp_default,igp_shortest,0,igp_baseline,0,0,none,,,igp,,,r1,,0,,,0,0,0,0,
2026-04-06T11:12:38.270,1775445158270,96,exp_igp_run1,267.083,2.737,1,igp,medium,igp,igp_default,igp_shortest,0,igp_baseline,0,0,none,,,igp,,,r1,,0,,,0,0,0,0,
2026-04-06T11:12:40.880,1775445160880,97,exp_igp_run1,269.693,2.609,1,igp,medium,igp,igp_default,igp_shortest,0,igp_baseline,0,0,none,,,igp,,,r1,,0,,,0,0,0,0,
2026-04-06T11:12:43.647,1775445163647,98,exp_igp_run1,272.459,2.767,1,igp,medium,igp,igp_default,igp_shortest,0,igp_baseline,0,0,none,,,igp,,,r1,,0,,,0,0,0,0,
2026-04-06T11:12:46.389,1775445166389,99,exp_igp_run1,275.201,2.742,1,igp,medium,igp,igp_default,igp_shortest,0,igp_baseline,0,0,none,,,igp,,,r1,,0,,,0,0,0,0,
2026-04-06T11:12:49.085,1775445169085,100,exp_igp_run1,277.897,2.696,1,igp,medium,igp,igp_default,igp_shortest,0,igp_baseline,0,0,none,,,igp,,,r1,,0,,,0,0,0,0,
2026-04-06T11:12:51.810,1775445171810,101,exp_igp_run1,280.623,2.726,1,igp,medium,igp,igp_default,igp_shortest,0,igp_baseline,0,0,none,,,igp,,,r1,,0,,,0,0,0,0,
2026-04-06T11:12:54.498,1775445174498,102,exp_igp_run1,283.311,2.688,1,igp,medium,igp,igp_default,igp_shortest,0,igp_baseline,0,0,none,,,igp,,,r1,,0,,,0,0,0,0,
2026-04-06T11:12:57.299,1775445177299,103,exp_igp_run1,286.112,2.801,1,igp,medium,igp,igp_default,igp_shortest,0,igp_baseline,0,0,none,,,igp,,,r1,,0,,,0,0,0,0,
2026-04-06T11:12:59.989,1775445179989,104,exp_igp_run1,288.801,2.689,1,igp,medium,igp,igp_default,igp_shortest,0,igp_baseline,0,0,none,,,igp,,,r1,,0,,,0,0,0,0,
2026-04-06T11:13:02.978,1775445182978,105,exp_igp_run1,291.791,2.989,1,igp,medium,igp,igp_default,igp_shortest,0,igp_baseline,0,0,none,,,igp,,,r1,,0,,,0,0,0,0,
2026-04-06T11:13:05.690,1775445185690,106,exp_igp_run1,294.503,2.712,1,igp,medium,igp,igp_default,igp_shortest,0,igp_baseline,0,0,none,,,igp,,,r1,,0,,,0,0,0,0,
2026-04-06T11:13:08.326,1775445188326,107,exp_igp_run1,297.139,2.636,1,igp,medium,igp,igp_default,igp_shortest,0,igp_baseline,0,0,none,,,igp,,,r1,,0,,,0,0,0,0,
2026-04-06T11:13:10.985,1775445190985,108,exp_igp_run1,299.797,2.659,1,igp,medium,igp,igp_default,igp_shortest,0,igp_baseline,0,0,none,,,igp,,,r1,,0,,,0,0,0,0,
2026-04-06T11:13:13.685,1775445193685,109,exp_igp_run1,302.498,2.701,1,igp,medium,igp,igp_default,igp_shortest,0,igp_baseline,0,0,none,,,igp,,,r1,,0,,,0,0,0,0,
2026-04-06T11:13:16.458,1775445196458,110,exp_igp_run1,305.271,2.773,1,igp,medium,igp,igp_default,igp_shortest,0,igp_baseline,0,0,none,,,igp,,,r1,,0,,,0,0,0,0,
2026-04-06T11:13:19.133,1775445199133,111,exp_igp_run1,307.946,2.675,1,igp,medium,igp,igp_default,igp_shortest,0,igp_baseline,0,0,none,,,igp,,,r1,,0,,,0,0,0,0,
2026-04-06T11:13:21.981,1775445201981,112,exp_igp_run1,310.793,2.848,1,igp,medium,igp,igp_default,igp_shortest,0,igp_baseline,0,0,none,,,igp,,,r1,,0,,,0,0,0,0,
2026-04-06T11:13:24.744,1775445204744,113,exp_igp_run1,313.557,2.764,1,igp,medium,igp,igp_default,igp_shortest,0,igp_baseline,0,0,none,,,igp,,,r1,,0,,,0,0,0,0,
2026-04-06T11:13:27.690,1775445207690,114,exp_igp_run1,316.503,2.946,1,igp,medium,igp,igp_default,igp_shortest,0,igp_baseline,0,0,none,,,igp,,,r1,,0,,,0,0,0,0,
2026-04-06T11:13:30.359,1775445210359,115,exp_igp_run1,319.171,2.669,1,igp,medium,igp,igp_default,igp_shortest,0,igp_baseline,0,0,none,,,igp,,,r1,,0,,,0,0,0,0,
2026-04-06T11:13:33.302,1775445213302,116,exp_igp_run1,322.115,2.944,1,igp,medium,igp,igp_default,igp_shortest,0,igp_baseline,0,0,none,,,igp,,,r1,,0,,,0,0,0,0,
2026-04-06T11:13:36.078,1775445216078,117,exp_igp_run1,324.891,2.776,1,igp,medium,igp,igp_default,igp_shortest,0,igp_baseline,0,0,none,,,igp,,,r1,,0,,,0,0,0,0,
2026-04-06T11:13:38.974,1775445218974,118,exp_igp_run1,327.787,2.896,1,igp,medium,igp,igp_default,igp_shortest,0,igp_baseline,0,0,none,,,igp,,,r1,,0,,,0,0,0,0,
2026-04-06T11:13:41.714,1775445221714,119,exp_igp_run1,330.527,2.739,1,igp,medium,igp,igp_default,igp_shortest,0,igp_baseline,0,0,none,,,igp,,,r1,,0,,,0,0,0,0,
2026-04-06T11:13:44.443,1775445224443,120,exp_igp_run1,333.256,2.73,1,igp,medium,igp,igp_default,igp_shortest,0,igp_baseline,0,0,none,,,igp,,,r1,,0,,,0,0,0,0,
2026-04-06T11:13:47.215,1775445227215,121,exp_igp_run1,336.028,2.772,1,igp,medium,igp,igp_default,igp_shortest,0,igp_baseline,0,0,none,,,igp,,,r1,,0,,,0,0,0,0,
2026-04-06T11:13:49.886,1775445229886,122,exp_igp_run1,338.698,2.67,1,igp,medium,igp,igp_default,igp_shortest,0,igp_baseline,0,0,none,,,igp,,,r1,,0,,,0,0,0,0,
2026-04-06T11:13:52.690,1775445232690,123,exp_igp_run1,341.503,2.805,1,igp,medium,igp,igp_default,igp_shortest,0,igp_baseline,0,0,none,,,igp,,,r1,,0,,,0,0,0,0,
2026-04-06T11:13:55.394,1775445235394,124,exp_igp_run1,344.207,2.703,1,igp,medium,igp,igp_default,igp_shortest,0,igp_baseline,0,0,none,,,igp,,,r1,,0,,,0,0,0,0,
2026-04-06T11:13:58.281,1775445238281,125,exp_igp_run1,347.094,2.887,1,igp,medium,igp,igp_default,igp_shortest,0,igp_baseline,0,0,none,,,igp,,,r1,,0,,,0,0,0,0,
2026-04-06T11:14:01.025,1775445241025,126,exp_igp_run1,349.838,2.744,1,igp,medium,igp,igp_default,igp_shortest,0,igp_baseline,0,0,none,,,igp,,,r1,,0,,,0,0,0,0,
2026-04-06T11:14:03.903,1775445243903,127,exp_igp_run1,352.715,2.877,1,igp,medium,igp,igp_default,igp_shortest,0,igp_baseline,0,0,none,,,igp,,,r1,,0,,,0,0,0,0,
2026-04-06T11:14:06.601,1775445246601,128,exp_igp_run1,355.413,2.698,1,igp,medium,igp,igp_default,igp_shortest,0,igp_baseline,0,0,none,,,igp,,,r1,,0,,,0,0,0,0,
2026-04-06T11:14:09.374,1775445249374,129,exp_igp_run1,358.186,2.773,1,igp,medium,igp,igp_default,igp_shortest,0,igp_baseline,0,0,none,,,igp,,,r1,,0,,,0,0,0,0,
2026-04-06T11:14:12.060,1775445252060,130,exp_igp_run1,360.872,2.686,1,igp,medium,igp,igp_default,igp_shortest,0,igp_baseline,0,0,none,,,igp,,,r1,,0,,,0,0,0,0,
2026-04-06T11:14:14.695,1775445254695,131,exp_igp_run1,363.507,2.635,1,igp,medium,igp,igp_default,igp_shortest,0,igp_baseline,0,0,none,,,igp,,,r1,,0,,,0,0,0,0,
2026-04-06T11:14:17.378,1775445257378,132,exp_igp_run1,366.191,2.683,1,igp,medium,igp,igp_default,igp_shortest,0,igp_baseline,0,0,none,,,igp,,,r1,,0,,,0,0,0,0,
2026-04-06T11:14:20.148,1775445260148,133,exp_igp_run1,368.961,2.77,1,igp,medium,igp,igp_default,igp_shortest,0,igp_baseline,0,0,none,,,igp,,,r1,,0,,,0,0,0,0,
2026-04-06T11:14:22.863,1775445262863,134,exp_igp_run1,371.675,2.715,1,igp,medium,igp,igp_default,igp_shortest,0,igp_baseline,0,0,none,,,igp,,,r1,,0,,,0,0,0,0,
2026-04-06T11:14:25.597,1775445265597,135,exp_igp_run1,374.409,2.734,1,igp,medium,igp,igp_default,igp_shortest,0,igp_baseline,0,0,none,,,igp,,,r1,,0,,,0,0,0,0,
2026-04-06T11:14:28.313,1775445268313,136,exp_igp_run1,377.125,2.716,1,igp,medium,igp,igp_default,igp_shortest,0,igp_baseline,0,0,none,,,igp,,,r1,,0,,,0,0,0,0,
2026-04-06T11:14:31.102,1775445271102,137,exp_igp_run1,379.915,2.789,1,igp,medium,igp,igp_default,igp_shortest,0,igp_baseline,0,0,none,,,igp,,,r1,,0,,,0,0,0,0,
2026-04-06T11:14:33.811,1775445273811,138,exp_igp_run1,382.624,2.709,1,igp,medium,igp,igp_default,igp_shortest,0,igp_baseline,0,0,none,,,igp,,,r1,,0,,,0,0,0,0,
2026-04-06T11:14:36.534,1775445276534,139,exp_igp_run1,385.347,2.723,1,igp,medium,igp,igp_default,igp_shortest,0,igp_baseline,0,0,none,,,igp,,,r1,,0,,,0,0,0,0,
2026-04-06T11:14:39.253,1775445279253,140,exp_igp_run1,388.066,2.719,1,igp,medium,igp,igp_default,igp_shortest,0,igp_baseline,0,0,none,,,igp,,,r1,,0,,,0,0,0,0,
2026-04-06T11:14:41.922,1775445281922,141,exp_igp_run1,390.735,2.668,1,igp,medium,igp,igp_default,igp_shortest,0,igp_baseline,0,0,none,,,igp,,,r1,,0,,,0,0,0,0,
2026-04-06T11:14:44.701,1775445284701,142,exp_igp_run1,393.514,2.779,1,igp,medium,igp,igp_default,igp_shortest,0,igp_baseline,0,0,none,,,igp,,,r1,,0,,,0,0,0,0,
2026-04-06T11:14:47.422,1775445287422,143,exp_igp_run1,396.234,2.721,1,igp,medium,igp,igp_default,igp_shortest,0,igp_baseline,0,0,none,,,igp,,,r1,,0,,,0,0,0,0,
2026-04-06T11:14:50.130,1775445290130,144,exp_igp_run1,398.943,2.708,1,igp,medium,igp,igp_default,igp_shortest,0,igp_baseline,0,0,none,,,igp,,,r1,,0,,,0,0,0,0,
2026-04-06T11:14:52.844,1775445292844,145,exp_igp_run1,401.657,2.714,1,igp,medium,igp,igp_default,igp_shortest,0,igp_baseline,0,0,none,,,igp,,,r1,,0,,,0,0,0,0,
2026-04-06T11:14:55.537,1775445295537,146,exp_igp_run1,404.349,2.693,1,igp,medium,igp,igp_default,igp_shortest,0,igp_baseline,0,0,none,,,igp,,,r1,,0,,,0,0,0,0,
2026-04-06T11:14:58.252,1775445298252,147,exp_igp_run1,407.065,2.716,1,igp,medium,igp,igp_default,igp_shortest,0,igp_baseline,0,0,none,,,igp,,,r1,,0,,,0,0,0,0,
2026-04-06T11:15:00.955,1775445300955,148,exp_igp_run1,409.768,2.703,1,igp,medium,igp,igp_default,igp_shortest,0,igp_baseline,0,0,none,,,igp,,,r1,,0,,,0,0,0,0,
2026-04-06T11:15:03.746,1775445303746,149,exp_igp_run1,412.559,2.791,1,igp,medium,igp,igp_default,igp_shortest,0,igp_baseline,0,0,none,,,igp,,,r1,,0,,,0,0,0,0,
2026-04-06T11:15:06.434,1775445306434,150,exp_igp_run1,415.246,2.688,1,igp,medium,igp,igp_default,igp_shortest,0,igp_baseline,0,0,none,,,igp,,,r1,,0,,,0,0,0,0,
2026-04-06T11:15:09.134,1775445309134,151,exp_igp_run1,417.947,2.7,1,igp,medium,igp,igp_default,igp_shortest,0,igp_baseline,0,0,none,,,igp,,,r1,,0,,,0,0,0,0,
2026-04-06T11:15:11.809,1775445311809,152,exp_igp_run1,420.622,2.675,1,igp,medium,igp,igp_default,igp_shortest,0,igp_baseline,0,0,none,,,igp,,,r1,,0,,,0,0,0,0,
2026-04-06T11:15:14.696,1775445314696,153,exp_igp_run1,423.508,2.887,1,igp,medium,igp,igp_default,igp_shortest,0,igp_baseline,0,0,none,,,igp,,,r1,,0,,,0,0,0,0,
2026-04-06T11:15:17.397,1775445317397,154,exp_igp_run1,426.21,2.701,1,igp,medium,igp,igp_default,igp_shortest,0,igp_baseline,0,0,none,,,igp,,,r1,,0,,,0,0,0,0,
2026-04-06T11:15:20.118,1775445320118,155,exp_igp_run1,428.931,2.721,1,igp,medium,igp,igp_default,igp_shortest,0,igp_baseline,0,0,none,,,igp,,,r1,,0,,,0,0,0,0,
2026-04-06T11:15:22.846,1775445322846,156,exp_igp_run1,431.659,2.728,1,igp,medium,igp,igp_default,igp_shortest,0,igp_baseline,0,0,none,,,igp,,,r1,,0,,,0,0,0,0,
2026-04-06T11:15:25.502,1775445325502,157,exp_igp_run1,434.315,2.655,1,igp,medium,igp,igp_default,igp_shortest,0,igp_baseline,0,0,none,,,igp,,,r1,,0,,,0,0,0,0,
2026-04-06T11:15:28.300,1775445328300,158,exp_igp_run1,437.113,2.799,1,igp,medium,igp,igp_default,igp_shortest,0,igp_baseline,0,0,none,,,igp,,,r1,,0,,,0,0,0,0,
2026-04-06T11:15:31.063,1775445331063,159,exp_igp_run1,439.876,2.763,1,igp,medium,igp,igp_default,igp_shortest,0,igp_baseline,0,0,none,,,igp,,,r1,,0,,,0,0,0,0,
2026-04-06T11:15:33.796,1775445333796,160,exp_igp_run1,442.609,2.733,1,igp,medium,igp,igp_default,igp_shortest,0,igp_baseline,0,0,none,,,igp,,,r1,,0,,,0,0,0,0,
2026-04-06T11:15:36.498,1775445336498,161,exp_igp_run1,445.31,2.701,1,igp,medium,igp,igp_default,igp_shortest,0,igp_baseline,0,0,none,,,igp,,,r1,,0,,,0,0,0,0,
2026-04-06T11:15:39.235,1775445339235,162,exp_igp_run1,448.048,2.737,1,igp,medium,igp,igp_default,igp_shortest,0,igp_baseline,0,0,none,,,igp,,,r1,,0,,,0,0,0,0,
2026-04-06T11:15:42.265,1775445342265,163,exp_igp_run1,451.078,3.03,1,igp,medium,igp,igp_default,igp_shortest,0,igp_baseline,0,0,none,,,igp,,,r1,,0,,,0,0,0,0,
2026-04-06T11:15:45.458,1775445345458,164,exp_igp_run1,454.27,3.193,1,igp,medium,igp,igp_default,igp_shortest,0,igp_baseline,0,0,none,,,igp,,,r1,,0,,,0,0,0,0,
2026-04-06T11:15:48.306,1775445348306,165,exp_igp_run1,457.119,2.848,1,igp,medium,igp,igp_default,igp_shortest,0,igp_baseline,0,0,none,,,igp,,,r1,,0,,,0,0,0,0,
2026-04-06T11:15:51.054,1775445351054,166,exp_igp_run1,459.867,2.749,1,igp,medium,igp,igp_default,igp_shortest,0,igp_baseline,0,0,none,,,igp,,,r1,,0,,,0,0,0,0,
2026-04-06T11:15:54.418,1775445354418,167,exp_igp_run1,463.231,3.364,1,igp,medium,igp,igp_default,igp_shortest,0,igp_baseline,0,0,none,,,igp,,,r1,,0,,,0,0,0,0,
2026-04-06T11:15:57.114,1775445357114,168,exp_igp_run1,465.927,2.696,1,igp,medium,igp,igp_default,igp_shortest,0,igp_baseline,0,0,none,,,igp,,,r1,,0,,,0,0,0,0,
2026-04-06T11:16:00.492,1775445360492,169,exp_igp_run1,469.304,3.378,1,igp,medium,igp,igp_default,igp_shortest,0,igp_baseline,0,0,none,,,igp,,,r1,,0,,,0,0,0,0,
2026-04-06T11:16:03.298,1775445363298,170,exp_igp_run1,472.11,2.806,1,igp,medium,igp,igp_default,igp_shortest,0,igp_baseline,0,0,none,,,igp,,,r1,,0,,,0,0,0,0,
2026-04-06T11:16:06.222,1775445366222,171,exp_igp_run1,475.035,2.924,1,igp,medium,igp,igp_default,igp_shortest,0,igp_baseline,0,0,none,,,igp,,,r1,,0,,,0,0,0,0,
2026-04-06T11:16:08.982,1775445368982,172,exp_igp_run1,477.795,2.76,1,igp,medium,igp,igp_default,igp_shortest,0,igp_baseline,0,0,none,,,igp,,,r1,,0,,,0,0,0,0,
2026-04-06T11:16:11.682,1775445371682,173,exp_igp_run1,480.494,2.7,1,igp,medium,igp,igp_default,igp_shortest,0,igp_baseline,0,0,none,,,igp,,,r1,,0,,,0,0,0,0,
2026-04-06T11:16:14.446,1775445374446,174,exp_igp_run1,483.258,2.764,1,igp,medium,igp,igp_default,igp_shortest,0,igp_baseline,0,0,none,,,igp,,,r1,,0,,,0,0,0,0,
2026-04-06T11:16:17.194,1775445377194,175,exp_igp_run1,486.007,2.748,1,igp,medium,igp,igp_default,igp_shortest,0,igp_baseline,0,0,none,,,igp,,,r1,,0,,,0,0,0,0,
2026-04-06T11:16:20.970,1775445380970,176,exp_igp_run1,489.783,3.776,1,igp,medium,igp,igp_default,igp_shortest,0,igp_baseline,0,0,none,,,igp,,,r1,,0,,,0,0,0,0,
2026-04-06T11:16:23.945,1775445383945,177,exp_igp_run1,492.758,2.975,1,igp,medium,igp,igp_default,igp_shortest,0,igp_baseline,0,0,none,,,igp,,,r1,,0,,,0,0,0,0,
2026-04-06T11:16:26.562,1775445386562,178,exp_igp_run1,495.375,2.617,1,igp,medium,igp,igp_default,igp_shortest,0,igp_baseline,0,0,none,,,igp,,,r1,,0,,,0,0,0,0,
2026-04-06T11:16:29.319,1775445389319,179,exp_igp_run1,498.131,2.756,1,igp,medium,igp,igp_default,igp_shortest,0,igp_baseline,0,0,none,,,igp,,,r1,,0,,,0,0,0,0,
2026-04-06T11:16:32.062,1775445392062,180,exp_igp_run1,500.875,2.743,1,igp,medium,igp,igp_default,igp_shortest,0,igp_baseline,0,0,none,,,igp,,,r1,,0,,,0,0,0,0,
2026-04-06T11:16:34.730,1775445394730,181,exp_igp_run1,503.543,2.668,1,igp,medium,igp,igp_default,igp_shortest,0,igp_baseline,0,0,none,,,igp,,,r1,,0,,,0,0,0,0,
2026-04-06T11:16:37.369,1775445397369,182,exp_igp_run1,506.182,2.639,1,igp,medium,igp,igp_default,igp_shortest,0,igp_baseline,0,0,none,,,igp,,,r1,,0,,,0,0,0,0,
2026-04-06T11:16:39.977,1775445399977,183,exp_igp_run1,508.79,2.608,1,igp,medium,igp,igp_default,igp_shortest,0,igp_baseline,0,0,none,,,igp,,,r1,,0,,,0,0,0,0,
2026-04-06T11:16:42.641,1775445402641,184,exp_igp_run1,511.454,2.664,1,igp,medium,igp,igp_default,igp_shortest,0,igp_baseline,0,0,none,,,igp,,,r1,,0,,,0,0,0,0,
2026-04-06T11:16:45.260,1775445405260,185,exp_igp_run1,514.073,2.619,1,igp,medium,igp,igp_default,igp_shortest,0,igp_baseline,0,0,none,,,igp,,,r1,,0,,,0,0,0,0,
2026-04-06T11:16:47.896,1775445407896,186,exp_igp_run1,516.709,2.636,1,igp,medium,igp,igp_default,igp_shortest,0,igp_baseline,0,0,none,,,igp,,,r1,,0,,,0,0,0,0,
2026-04-06T11:16:50.596,1775445410596,187,exp_igp_run1,519.409,2.7,1,igp,medium,igp,igp_default,igp_shortest,0,igp_baseline,0,0,none,,,igp,,,r1,,0,,,0,0,0,0,
2026-04-06T11:16:53.600,1775445413600,188,exp_igp_run1,522.413,3.004,1,igp,medium,igp,igp_default,igp_shortest,0,igp_baseline,0,0,none,,,igp,,,r1,,0,,,0,0,0,0,
2026-04-06T11:16:56.223,1775445416223,189,exp_igp_run1,525.036,2.623,1,igp,medium,igp,igp_default,igp_shortest,0,igp_baseline,0,0,none,,,igp,,,r1,,0,,,0,0,0,0,
2026-04-06T11:16:58.883,1775445418883,190,exp_igp_run1,527.696,2.66,1,igp,medium,igp,igp_default,igp_shortest,0,igp_baseline,0,0,none,,,igp,,,r1,,0,,,0,0,0,0,
2026-04-06T11:17:01.532,1775445421532,191,exp_igp_run1,530.345,2.649,1,igp,medium,igp,igp_default,igp_shortest,0,igp_baseline,0,0,none,,,igp,,,r1,,0,,,0,0,0,0,
2026-04-06T11:17:04.186,1775445424186,192,exp_igp_run1,532.999,2.654,1,igp,medium,igp,igp_default,igp_shortest,0,igp_baseline,0,0,none,,,igp,,,r1,,0,,,0,0,0,0,
2026-04-06T11:17:06.895,1775445426895,193,exp_igp_run1,535.707,2.709,1,igp,medium,igp,igp_default,igp_shortest,0,igp_baseline,0,0,none,,,igp,,,r1,,0,,,0,0,0,0,
2026-04-06T11:17:09.697,1775445429697,194,exp_igp_run1,538.51,2.802,1,igp,medium,igp,igp_default,igp_shortest,0,igp_baseline,0,0,none,,,igp,,,r1,,0,,,0,0,0,0,
2026-04-06T11:17:12.350,1775445432350,195,exp_igp_run1,541.163,2.654,1,igp,medium,igp,igp_default,igp_shortest,0,igp_baseline,0,0,none,,,igp,,,r1,,0,,,0,0,0,0,
2026-04-06T11:17:15.181,1775445435181,196,exp_igp_run1,543.994,2.831,1,igp,medium,igp,igp_default,igp_shortest,0,igp_baseline,0,0,none,,,igp,,,r1,,0,,,0,0,0,0,
2026-04-06T11:17:17.999,1775445437999,197,exp_igp_run1,546.811,2.817,1,igp,medium,igp,igp_default,igp_shortest,0,igp_baseline,0,0,none,,,igp,,,r1,,0,,,0,0,0,0,
2026-04-06T11:17:20.898,1775445440898,198,exp_igp_run1,549.711,2.899,1,igp,medium,igp,igp_default,igp_shortest,0,igp_baseline,0,0,none,,,igp,,,r1,,0,,,0,0,0,0,
2026-04-06T11:17:23.682,1775445443682,199,exp_igp_run1,552.494,2.784,1,igp,medium,igp,igp_default,igp_shortest,0,igp_baseline,0,0,none,,,igp,,,r1,,0,,,0,0,0,0,
2026-04-06T11:17:26.649,1775445446649,200,exp_igp_run1,555.462,2.967,1,igp,medium,igp,igp_default,igp_shortest,0,igp_baseline,0,0,none,,,igp,,,r1,,0,,,0,0,0,0,
2026-04-06T11:17:29.597,1775445449597,201,exp_igp_run1,558.41,2.948,1,igp,medium,igp,igp_default,igp_shortest,0,igp_baseline,0,0,none,,,igp,,,r1,,0,,,0,0,0,0,
2026-04-06T11:17:32.528,1775445452528,202,exp_igp_run1,561.341,2.931,1,igp,medium,igp,igp_default,igp_shortest,0,igp_baseline,0,0,none,,,igp,,,r1,,0,,,0,0,0,0,
2026-04-06T11:17:35.468,1775445455468,203,exp_igp_run1,564.281,2.94,1,igp,medium,igp,igp_default,igp_shortest,0,igp_baseline,0,0,none,,,igp,,,r1,,0,,,0,0,0,0,
2026-04-06T11:17:38.226,1775445458226,204,exp_igp_run1,567.039,2.758,1,igp,medium,igp,igp_default,igp_shortest,0,igp_baseline,0,0,none,,,igp,,,r1,,0,,,0,0,0,0,
2026-04-06T11:17:40.983,1775445460983,205,exp_igp_run1,569.795,2.756,1,igp,medium,igp,igp_default,igp_shortest,0,igp_baseline,0,0,none,,,igp,,,r1,,0,,,0,0,0,0,
2026-04-06T11:17:43.670,1775445463670,206,exp_igp_run1,572.483,2.687,1,igp,medium,igp,igp_default,igp_shortest,0,igp_baseline,0,0,none,,,igp,,,r1,,0,,,0,0,0,0,
2026-04-06T11:17:46.889,1775445466889,207,exp_igp_run1,575.702,3.219,1,igp,medium,igp,igp_default,igp_shortest,0,igp_baseline,0,0,none,,,igp,,,r1,,0,,,0,0,0,0,
2026-04-06T11:17:50.019,1775445470019,208,exp_igp_run1,578.832,3.13,1,igp,medium,igp,igp_default,igp_shortest,0,igp_baseline,0,0,none,,,igp,,,r1,,0,,,0,0,0,0,
2026-04-06T11:17:53.783,1775445473783,209,exp_igp_run1,582.596,3.765,1,igp,medium,igp,igp_default,igp_shortest,0,igp_baseline,0,0,none,,,igp,,,r1,,0,,,0,0,0,0,
2026-04-06T11:17:57.128,1775445477128,210,exp_igp_run1,585.941,3.345,1,igp,medium,igp,igp_default,igp_shortest,0,igp_baseline,0,0,none,,,igp,,,r1,,0,,,0,0,0,0,
2026-04-06T11:17:59.806,1775445479806,211,exp_igp_run1,588.618,2.677,1,igp,medium,igp,igp_default,igp_shortest,0,igp_baseline,0,0,none,,,igp,,,r1,,0,,,0,0,0,0,
2026-04-06T11:18:02.534,1775445482534,212,exp_igp_run1,591.346,2.728,1,igp,medium,igp,igp_default,igp_shortest,0,igp_baseline,0,0,none,,,igp,,,r1,,0,,,0,0,0,0,
2026-04-06T11:18:05.297,1775445485297,213,exp_igp_run1,594.11,2.763,1,igp,medium,igp,igp_default,igp_shortest,0,igp_baseline,0,0,none,,,igp,,,r1,,0,,,0,0,0,0,
2026-04-06T11:18:08.013,1775445488013,214,exp_igp_run1,596.826,2.716,1,igp,medium,igp,igp_default,igp_shortest,0,igp_baseline,0,0,none,,,igp,,,r1,,0,,,0,0,0,0,
2026-04-06T11:18:10.667,1775445490667,215,exp_igp_run1,599.479,2.653,1,igp,medium,igp,igp_default,igp_shortest,0,igp_baseline,0,0,none,,,igp,,,r1,,0,,,0,0,0,0,
2026-04-06T11:18:13.385,1775445493385,216,exp_igp_run1,602.198,2.718,1,igp,medium,igp,igp_default,igp_shortest,0,igp_baseline,0,0,none,,,igp,,,r1,,0,,,0,0,0,0,
2026-04-06T11:18:16.019,1775445496019,217,exp_igp_run1,604.832,2.634,1,igp,medium,igp,igp_default,igp_shortest,0,igp_baseline,0,0,none,,,igp,,,r1,,0,,,0,0,0,0,
2026-04-06T11:18:18.736,1775445498736,218,exp_igp_run1,607.549,2.717,1,igp,medium,igp,igp_default,igp_shortest,0,igp_baseline,0,0,none,,,igp,,,r1,,0,,,0,0,0,0,
2026-04-06T11:18:21.366,1775445501366,219,exp_igp_run1,610.179,2.63,1,igp,medium,igp,igp_default,igp_shortest,0,igp_baseline,0,0,none,,,igp,,,r1,,0,,,0,0,0,0,
2026-04-06T11:18:24.076,1775445504076,220,exp_igp_run1,612.889,2.71,1,igp,medium,igp,igp_default,igp_shortest,0,igp_baseline,0,0,none,,,igp,,,r1,,0,,,0,0,0,0,
2026-04-06T11:18:26.736,1775445506736,221,exp_igp_run1,615.549,2.66,1,igp,medium,igp,igp_default,igp_shortest,0,igp_baseline,0,0,none,,,igp,,,r1,,0,,,0,0,0,0,
2026-04-06T11:18:29.475,1775445509475,222,exp_igp_run1,618.288,2.739,1,igp,medium,igp,igp_default,igp_shortest,0,igp_baseline,0,0,none,,,igp,,,r1,,0,,,0,0,0,0,
2026-04-06T11:18:32.093,1775445512093,223,exp_igp_run1,620.906,2.618,1,igp,medium,igp,igp_default,igp_shortest,0,igp_baseline,0,0,none,,,igp,,,r1,,0,,,0,0,0,0,
2026-04-06T11:18:34.790,1775445514790,224,exp_igp_run1,623.602,2.696,1,igp,medium,igp,igp_default,igp_shortest,0,igp_baseline,0,0,none,,,igp,,,r1,,0,,,0,0,0,0,
2026-04-06T11:18:37.398,1775445517398,225,exp_igp_run1,626.211,2.609,1,igp,medium,igp,igp_default,igp_shortest,0,igp_baseline,0,0,none,,,igp,,,r1,,0,,,0,0,0,0,
2026-04-06T11:18:40.121,1775445520121,226,exp_igp_run1,628.934,2.723,1,igp,medium,igp,igp_default,igp_shortest,0,igp_baseline,0,0,none,,,igp,,,r1,,0,,,0,0,0,0,
2026-04-06T11:18:42.785,1775445522785,227,exp_igp_run1,631.598,2.664,1,igp,medium,igp,igp_default,igp_shortest,0,igp_baseline,0,0,none,,,igp,,,r1,,0,,,0,0,0,0,
2026-04-06T11:18:45.566,1775445525566,228,exp_igp_run1,634.379,2.781,1,igp,medium,igp,igp_default,igp_shortest,0,igp_baseline,0,0,none,,,igp,,,r1,,0,,,0,0,0,0,
2026-04-06T11:18:48.237,1775445528237,229,exp_igp_run1,637.05,2.671,1,igp,medium,igp,igp_default,igp_shortest,0,igp_baseline,0,0,none,,,igp,,,r1,,0,,,0,0,0,0,
2026-04-06T11:18:50.850,1775445530850,230,exp_igp_run1,639.663,2.613,1,igp,medium,igp,igp_default,igp_shortest,0,igp_baseline,0,0,none,,,igp,,,r1,,0,,,0,0,0,0,
2026-04-06T11:18:53.550,1775445533550,231,exp_igp_run1,642.362,2.7,1,igp,medium,igp,igp_default,igp_shortest,0,igp_baseline,0,0,none,,,igp,,,r1,,0,,,0,0,0,0,
2026-04-06T11:18:56.260,1775445536260,232,exp_igp_run1,645.073,2.71,1,igp,medium,igp,igp_default,igp_shortest,0,igp_baseline,0,0,none,,,igp,,,r1,,0,,,0,0,0,0,
2026-04-06T11:18:58.948,1775445538948,233,exp_igp_run1,647.761,2.688,1,igp,medium,igp,igp_default,igp_shortest,0,igp_baseline,0,0,none,,,igp,,,r1,,0,,,0,0,0,0,
2026-04-06T11:19:01.530,1775445541530,234,exp_igp_run1,650.343,2.582,1,igp,medium,igp,igp_default,igp_shortest,0,igp_baseline,0,0,none,,,igp,,,r1,,0,,,0,0,0,0,
2026-04-06T11:19:04.174,1775445544174,235,exp_igp_run1,652.986,2.644,1,igp,medium,igp,igp_default,igp_shortest,0,igp_baseline,0,0,none,,,igp,,,r1,,0,,,0,0,0,0,
2026-04-06T11:19:06.830,1775445546830,236,exp_igp_run1,655.642,2.656,1,igp,medium,igp,igp_default,igp_shortest,0,igp_baseline,0,0,none,,,igp,,,r1,,0,,,0,0,0,0,
2026-04-06T11:19:09.479,1775445549479,237,exp_igp_run1,658.292,2.649,1,igp,medium,igp,igp_default,igp_shortest,0,igp_baseline,0,0,none,,,igp,,,r1,,0,,,0,0,0,0,
2026-04-06T11:19:12.153,1775445552153,238,exp_igp_run1,660.965,2.674,1,igp,medium,igp,igp_default,igp_shortest,0,igp_baseline,0,0,none,,,igp,,,r1,,0,,,0,0,0,0,
2026-04-06T11:19:14.821,1775445554821,239,exp_igp_run1,663.634,2.668,1,igp,medium,igp,igp_default,igp_shortest,0,igp_baseline,0,0,none,,,igp,,,r1,,0,,,0,0,0,0,
2026-04-06T11:19:17.429,1775445557429,240,exp_igp_run1,666.242,2.608,1,igp,medium,igp,igp_default,igp_shortest,0,igp_baseline,0,0,none,,,igp,,,r1,,0,,,0,0,0,0,
2026-04-06T11:19:20.237,1775445560237,241,exp_igp_run1,669.049,2.807,1,igp,medium,igp,igp_default,igp_shortest,0,igp_baseline,0,0,none,,,igp,,,r1,,0,,,0,0,0,0,
2026-04-06T11:19:22.878,1775445562878,242,exp_igp_run1,671.69,2.641,1,igp,medium,igp,igp_default,igp_shortest,0,igp_baseline,0,0,none,,,igp,,,r1,,0,,,0,0,0,0,
2026-04-06T11:19:25.594,1775445565594,243,exp_igp_run1,674.406,2.716,1,igp,medium,igp,igp_default,igp_shortest,0,igp_baseline,0,0,none,,,igp,,,r1,,0,,,0,0,0,0,
2026-04-06T11:19:28.229,1775445568229,244,exp_igp_run1,677.042,2.635,1,igp,medium,igp,igp_default,igp_shortest,0,igp_baseline,0,0,none,,,igp,,,r1,,0,,,0,0,0,0,
2026-04-06T11:19:30.931,1775445570931,245,exp_igp_run1,679.744,2.703,1,igp,medium,igp,igp_default,igp_shortest,0,igp_baseline,0,0,none,,,igp,,,r1,,0,,,0,0,0,0,
2026-04-06T11:19:33.621,1775445573621,246,exp_igp_run1,682.433,2.689,1,igp,medium,igp,igp_default,igp_shortest,0,igp_baseline,0,0,none,,,igp,,,r1,,0,,,0,0,0,0,
2026-04-06T11:19:36.417,1775445576417,247,exp_igp_run1,685.229,2.796,1,igp,medium,igp,igp_default,igp_shortest,0,igp_baseline,0,0,none,,,igp,,,r1,,0,,,0,0,0,0,
2026-04-06T11:19:39.321,1775445579321,248,exp_igp_run1,688.134,2.904,1,igp,medium,igp,igp_default,igp_shortest,0,igp_baseline,0,0,none,,,igp,,,r1,,0,,,0,0,0,0,
2026-04-06T11:19:42.105,1775445582105,249,exp_igp_run1,690.918,2.784,1,igp,medium,igp,igp_default,igp_shortest,0,igp_baseline,0,0,none,,,igp,,,r1,,0,,,0,0,0,0,
2026-04-06T11:19:44.670,1775445584670,250,exp_igp_run1,693.483,2.565,1,igp,medium,igp,igp_default,igp_shortest,0,igp_baseline,0,0,none,,,igp,,,r1,,0,,,0,0,0,0,
2026-04-06T11:19:47.337,1775445587337,251,exp_igp_run1,696.15,2.667,1,igp,medium,igp,igp_default,igp_shortest,0,igp_baseline,0,0,none,,,igp,,,r1,,0,,,0,0,0,0,
2026-04-06T11:19:49.978,1775445589978,252,exp_igp_run1,698.79,2.64,1,igp,medium,igp,igp_default,igp_shortest,0,igp_baseline,0,0,none,,,igp,,,r1,,0,,,0,0,0,0,
2026-04-06T11:19:52.701,1775445592701,253,exp_igp_run1,701.514,2.723,1,igp,medium,igp,igp_default,igp_shortest,0,igp_baseline,0,0,none,,,igp,,,r1,,0,,,0,0,0,0,
2026-04-06T11:19:55.338,1775445595338,254,exp_igp_run1,704.151,2.637,1,igp,medium,igp,igp_default,igp_shortest,0,igp_baseline,0,0,none,,,igp,,,r1,,0,,,0,0,0,0,
2026-04-06T11:19:58.070,1775445598070,255,exp_igp_run1,706.883,2.732,1,igp,medium,igp,igp_default,igp_shortest,0,igp_baseline,0,0,none,,,igp,,,r1,,0,,,0,0,0,0,
2026-04-06T11:20:00.680,1775445600680,256,exp_igp_run1,709.493,2.611,1,igp,medium,igp,igp_default,igp_shortest,0,igp_baseline,0,0,none,,,igp,,,r1,,0,,,0,0,0,0,
2026-04-06T11:20:03.405,1775445603405,257,exp_igp_run1,712.218,2.725,1,igp,medium,igp,igp_default,igp_shortest,0,igp_baseline,0,0,none,,,igp,,,r1,,0,,,0,0,0,0,
2026-04-06T11:20:06.026,1775445606026,258,exp_igp_run1,714.839,2.621,1,igp,medium,igp,igp_default,igp_shortest,0,igp_baseline,0,0,none,,,igp,,,r1,,0,,,0,0,0,0,
2026-04-06T11:20:08.686,1775445608686,259,exp_igp_run1,717.499,2.659,1,igp,medium,igp,igp_default,igp_shortest,0,igp_baseline,0,0,none,,,igp,,,r1,,0,,,0,0,0,0,
2026-04-06T11:20:11.334,1775445611334,260,exp_igp_run1,720.147,2.648,1,igp,medium,igp,igp_default,igp_shortest,0,igp_baseline,0,0,none,,,igp,,,r1,,0,,,0,0,0,0,
2026-04-06T11:20:14.041,1775445614041,261,exp_igp_run1,722.854,2.707,1,igp,medium,igp,igp_default,igp_shortest,0,igp_baseline,0,0,none,,,igp,,,r1,,0,,,0,0,0,0,
2026-04-06T11:20:16.722,1775445616722,262,exp_igp_run1,725.535,2.681,1,igp,medium,igp,igp_default,igp_shortest,0,igp_baseline,0,0,none,,,igp,,,r1,,0,,,0,0,0,0,
2026-04-06T11:20:19.470,1775445619470,263,exp_igp_run1,728.283,2.748,1,igp,medium,igp,igp_default,igp_shortest,0,igp_baseline,0,0,none,,,igp,,,r1,,0,,,0,0,0,0,
2026-04-06T11:20:22.122,1775445622122,264,exp_igp_run1,730.934,2.652,1,igp,medium,igp,igp_default,igp_shortest,0,igp_baseline,0,0,none,,,igp,,,r1,,0,,,0,0,0,0,
2026-04-06T11:20:24.857,1775445624857,265,exp_igp_run1,733.67,2.735,1,igp,medium,igp,igp_default,igp_shortest,0,igp_baseline,0,0,none,,,igp,,,r1,,0,,,0,0,0,0,
2026-04-06T11:20:27.530,1775445627530,266,exp_igp_run1,736.343,2.674,1,igp,medium,igp,igp_default,igp_shortest,0,igp_baseline,0,0,none,,,igp,,,r1,,0,,,0,0,0,0,
2026-04-06T11:20:30.301,1775445630301,267,exp_igp_run1,739.114,2.771,1,igp,medium,igp,igp_default,igp_shortest,0,igp_baseline,0,0,none,,,igp,,,r1,,0,,,0,0,0,0,
2026-04-06T11:20:33.045,1775445633045,268,exp_igp_run1,741.858,2.744,1,igp,medium,igp,igp_default,igp_shortest,0,igp_baseline,0,0,none,,,igp,,,r1,,0,,,0,0,0,0,
2026-04-06T11:20:36.260,1775445636260,269,exp_igp_run1,745.072,3.215,1,igp,medium,igp,igp_default,igp_shortest,0,igp_baseline,0,0,none,,,igp,,,r1,,0,,,0,0,0,0,
2026-04-06T11:20:39.119,1775445639119,270,exp_igp_run1,747.932,2.859,1,igp,medium,igp,igp_default,igp_shortest,0,igp_baseline,0,0,none,,,igp,,,r1,,0,,,0,0,0,0,
2026-04-06T11:20:42.150,1775445642150,271,exp_igp_run1,750.963,3.032,1,igp,medium,igp,igp_default,igp_shortest,0,igp_baseline,0,0,none,,,igp,,,r1,,0,,,0,0,0,0,
2026-04-06T11:20:45.265,1775445645265,272,exp_igp_run1,754.078,3.115,1,igp,medium,igp,igp_default,igp_shortest,0,igp_baseline,0,0,none,,,igp,,,r1,,0,,,0,0,0,0,
2026-04-06T11:20:47.986,1775445647986,273,exp_igp_run1,756.799,2.721,1,igp,medium,igp,igp_default,igp_shortest,0,igp_baseline,0,0,none,,,igp,,,r1,,0,,,0,0,0,0,
2026-04-06T11:20:50.914,1775445650914,274,exp_igp_run1,759.727,2.928,1,igp,medium,igp,igp_default,igp_shortest,0,igp_baseline,0,0,none,,,igp,,,r1,,0,,,0,0,0,0,
2026-04-06T11:20:53.537,1775445653537,275,exp_igp_run1,762.35,2.622,1,igp,medium,igp,igp_default,igp_shortest,0,igp_baseline,0,0,none,,,igp,,,r1,,0,,,0,0,0,0,
2026-04-06T11:20:56.197,1775445656197,276,exp_igp_run1,765.01,2.66,1,igp,medium,igp,igp_default,igp_shortest,0,igp_baseline,0,0,none,,,igp,,,r1,,0,,,0,0,0,0,
2026-04-06T11:20:58.958,1775445658958,277,exp_igp_run1,767.771,2.761,1,igp,medium,igp,igp_default,igp_shortest,0,igp_baseline,0,0,none,,,igp,,,r1,,0,,,0,0,0,0,
2026-04-06T11:21:01.682,1775445661682,278,exp_igp_run1,770.495,2.724,1,igp,medium,igp,igp_default,igp_shortest,0,igp_baseline,0,0,none,,,igp,,,r1,,0,,,0,0,0,0,
2026-04-06T11:21:04.391,1775445664391,279,exp_igp_run1,773.204,2.709,1,igp,medium,igp,igp_default,igp_shortest,0,igp_baseline,0,0,none,,,igp,,,r1,,0,,,0,0,0,0,
2026-04-06T11:21:07.017,1775445667017,280,exp_igp_run1,775.83,2.626,1,igp,medium,igp,igp_default,igp_shortest,0,igp_baseline,0,0,none,,,igp,,,r1,,0,,,0,0,0,0,
2026-04-06T11:21:09.671,1775445669671,281,exp_igp_run1,778.484,2.654,1,igp,medium,igp,igp_default,igp_shortest,0,igp_baseline,0,0,none,,,igp,,,r1,,0,,,0,0,0,0,
2026-04-06T11:21:12.374,1775445672374,282,exp_igp_run1,781.186,2.703,1,igp,medium,igp,igp_default,igp_shortest,0,igp_baseline,0,0,none,,,igp,,,r1,,0,,,0,0,0,0,
2026-04-06T11:21:15.043,1775445675043,283,exp_igp_run1,783.856,2.669,1,igp,medium,igp,igp_default,igp_shortest,0,igp_baseline,0,0,none,,,igp,,,r1,,0,,,0,0,0,0,
2026-04-06T11:21:17.839,1775445677840,284,exp_igp_run1,786.652,2.796,1,igp,medium,igp,igp_default,igp_shortest,0,igp_baseline,0,0,none,,,igp,,,r1,,0,,,0,0,0,0,
2026-04-06T11:21:20.678,1775445680678,285,exp_igp_run1,789.491,2.838,1,igp,medium,igp,igp_default,igp_shortest,0,igp_baseline,0,0,none,,,igp,,,r1,,0,,,0,0,0,0,
2026-04-06T11:21:23.716,1775445683716,286,exp_igp_run1,792.529,3.038,1,igp,medium,igp,igp_default,igp_shortest,0,igp_baseline,0,0,none,,,igp,,,r1,,0,,,0,0,0,0,
2026-04-06T11:21:26.419,1775445686419,287,exp_igp_run1,795.232,2.703,1,igp,medium,igp,igp_default,igp_shortest,0,igp_baseline,0,0,none,,,igp,,,r1,,0,,,0,0,0,0,
2026-04-06T11:21:29.793,1775445689793,288,exp_igp_run1,798.606,3.374,1,igp,medium,igp,igp_default,igp_shortest,0,igp_baseline,0,0,none,,,igp,,,r1,,0,,,0,0,0,0,
2026-04-06T11:21:32.530,1775445692530,289,exp_igp_run1,801.343,2.737,1,igp,medium,igp,igp_default,igp_shortest,0,igp_baseline,0,0,none,,,igp,,,r1,,0,,,0,0,0,0,
2026-04-06T11:21:35.341,1775445695341,290,exp_igp_run1,804.154,2.811,1,igp,medium,igp,igp_default,igp_shortest,0,igp_baseline,0,0,none,,,igp,,,r1,,0,,,0,0,0,0,
2026-04-06T11:21:37.990,1775445697990,291,exp_igp_run1,806.802,2.649,1,igp,medium,igp,igp_default,igp_shortest,0,igp_baseline,0,0,none,,,igp,,,r1,,0,,,0,0,0,0,
2026-04-06T11:21:40.656,1775445700656,292,exp_igp_run1,809.468,2.666,1,igp,medium,igp,igp_default,igp_shortest,0,igp_baseline,0,0,none,,,igp,,,r1,,0,,,0,0,0,0,
2026-04-06T11:21:43.259,1775445703259,293,exp_igp_run1,812.071,2.603,1,igp,medium,igp,igp_default,igp_shortest,0,igp_baseline,0,0,none,,,igp,,,r1,,0,,,0,0,0,0,
2026-04-06T11:21:46.104,1775445706104,294,exp_igp_run1,814.917,2.846,1,igp,medium,igp,igp_default,igp_shortest,0,igp_baseline,0,0,none,,,igp,,,r1,,0,,,0,0,0,0,
2026-04-06T11:21:48.817,1775445708817,295,exp_igp_run1,817.629,2.712,1,igp,medium,igp,igp_default,igp_shortest,0,igp_baseline,0,0,none,,,igp,,,r1,,0,,,0,0,0,0,
2026-04-06T11:21:51.482,1775445711482,296,exp_igp_run1,820.295,2.666,1,igp,medium,igp,igp_default,igp_shortest,0,igp_baseline,0,0,none,,,igp,,,r1,,0,,,0,0,0,0,
2026-04-06T11:21:54.101,1775445714101,297,exp_igp_run1,822.914,2.618,1,igp,medium,igp,igp_default,igp_shortest,0,igp_baseline,0,0,none,,,igp,,,r1,,0,,,0,0,0,0,
2026-04-06T11:21:56.766,1775445716766,298,exp_igp_run1,825.579,2.665,1,igp,medium,igp,igp_default,igp_shortest,0,igp_baseline,0,0,none,,,igp,,,r1,,0,,,0,0,0,0,
2026-04-06T11:21:59.362,1775445719362,299,exp_igp_run1,828.175,2.596,1,igp,medium,igp,igp_default,igp_shortest,0,igp_baseline,0,0,none,,,igp,,,r1,,0,,,0,0,0,0,
2026-04-06T11:22:02.205,1775445722205,300,exp_igp_run1,831.018,2.843,1,igp,medium,igp,igp_default,igp_shortest,0,igp_baseline,0,0,none,,,igp,,,r1,,0,,,0,0,0,0,
2026-04-06T11:22:04.809,1775445724809,301,exp_igp_run1,833.622,2.603,1,igp,medium,igp,igp_default,igp_shortest,0,igp_baseline,0,0,none,,,igp,,,r1,,0,,,0,0,0,0,
2026-04-06T11:22:07.521,1775445727521,302,exp_igp_run1,836.334,2.712,1,igp,medium,igp,igp_default,igp_shortest,0,igp_baseline,0,0,none,,,igp,,,r1,,0,,,0,0,0,0,
2026-04-06T11:22:10.154,1775445730154,303,exp_igp_run1,838.967,2.633,1,igp,medium,igp,igp_default,igp_shortest,0,igp_baseline,0,0,none,,,igp,,,r1,,0,,,0,0,0,0,
2026-04-06T11:22:12.794,1775445732794,304,exp_igp_run1,841.607,2.64,1,igp,medium,igp,igp_default,igp_shortest,0,igp_baseline,0,0,none,,,igp,,,r1,,0,,,0,0,0,0,
2026-04-06T11:22:15.483,1775445735483,305,exp_igp_run1,844.296,2.689,1,igp,medium,igp,igp_default,igp_shortest,0,igp_baseline,0,0,none,,,igp,,,r1,,0,,,0,0,0,0,
2026-04-06T11:22:18.191,1775445738191,306,exp_igp_run1,847.004,2.708,1,igp,medium,igp,igp_default,igp_shortest,0,igp_baseline,0,0,none,,,igp,,,r1,,0,,,0,0,0,0,
2026-04-06T11:22:20.880,1775445740880,307,exp_igp_run1,849.693,2.689,1,igp,medium,igp,igp_default,igp_shortest,0,igp_baseline,0,0,none,,,igp,,,r1,,0,,,0,0,0,0,
2026-04-06T11:22:23.679,1775445743679,308,exp_igp_run1,852.491,2.798,1,igp,medium,igp,igp_default,igp_shortest,0,igp_baseline,0,0,none,,,igp,,,r1,,0,,,0,0,0,0,
2026-04-06T11:22:26.434,1775445746434,309,exp_igp_run1,855.247,2.756,1,igp,medium,igp,igp_default,igp_shortest,0,igp_baseline,0,0,none,,,igp,,,r1,,0,,,0,0,0,0,
2026-04-06T11:22:29.078,1775445749078,310,exp_igp_run1,857.89,2.643,1,igp,medium,igp,igp_default,igp_shortest,0,igp_baseline,0,0,none,,,igp,,,r1,,0,,,0,0,0,0,
2026-04-06T11:22:31.830,1775445751830,311,exp_igp_run1,860.642,2.752,1,igp,medium,igp,igp_default,igp_shortest,0,igp_baseline,0,0,none,,,igp,,,r1,,0,,,0,0,0,0,
2026-04-06T11:22:34.449,1775445754449,312,exp_igp_run1,863.262,2.62,1,igp,medium,igp,igp_default,igp_shortest,0,igp_baseline,0,0,none,,,igp,,,r1,,0,,,0,0,0,0,
2026-04-06T11:22:37.092,1775445757092,313,exp_igp_run1,865.905,2.643,1,igp,medium,igp,igp_default,igp_shortest,0,igp_baseline,0,0,none,,,igp,,,r1,,0,,,0,0,0,0,
2026-04-06T11:22:39.827,1775445759827,314,exp_igp_run1,868.64,2.736,1,igp,medium,igp,igp_default,igp_shortest,0,igp_baseline,0,0,none,,,igp,,,r1,,0,,,0,0,0,0,
2026-04-06T11:22:42.570,1775445762570,315,exp_igp_run1,871.383,2.743,1,igp,medium,igp,igp_default,igp_shortest,0,igp_baseline,0,0,none,,,igp,,,r1,,0,,,0,0,0,0,
2026-04-06T11:22:45.227,1775445765227,316,exp_igp_run1,874.04,2.656,1,igp,medium,igp,igp_default,igp_shortest,0,igp_baseline,0,0,none,,,igp,,,r1,,0,,,0,0,0,0,
2026-04-06T11:22:47.911,1775445767911,317,exp_igp_run1,876.724,2.684,1,igp,medium,igp,igp_default,igp_shortest,0,igp_baseline,0,0,none,,,igp,,,r1,,0,,,0,0,0,0,
2026-04-06T11:22:50.817,1775445770817,318,exp_igp_run1,879.63,2.906,1,igp,medium,igp,igp_default,igp_shortest,0,igp_baseline,0,0,none,,,igp,,,r1,,0,,,0,0,0,0,
2026-04-06T11:22:53.532,1775445773532,319,exp_igp_run1,882.345,2.715,1,igp,medium,igp,igp_default,igp_shortest,0,igp_baseline,0,0,none,,,igp,,,r1,,0,,,0,0,0,0,
2026-04-06T11:22:56.189,1775445776189,320,exp_igp_run1,885.002,2.657,1,igp,medium,igp,igp_default,igp_shortest,0,igp_baseline,0,0,none,,,igp,,,r1,,0,,,0,0,0,0,
2026-04-06T11:22:58.901,1775445778901,321,exp_igp_run1,887.714,2.712,1,igp,medium,igp,igp_default,igp_shortest,0,igp_baseline,0,0,none,,,igp,,,r1,,0,,,0,0,0,0,
2026-04-06T11:23:01.628,1775445781628,322,exp_igp_run1,890.441,2.727,1,igp,medium,igp,igp_default,igp_shortest,0,igp_baseline,0,0,none,,,igp,,,r1,,0,,,0,0,0,0,
2026-04-06T11:23:05.360,1775445785360,323,exp_igp_run1,894.173,3.732,1,igp,medium,igp,igp_default,igp_shortest,0,igp_baseline,0,0,none,,,igp,,,r1,,0,,,0,0,0,0,
2026-04-06T11:23:08.250,1775445788250,324,exp_igp_run1,897.063,2.889,1,igp,medium,igp,igp_default,igp_shortest,0,igp_baseline,0,0,none,,,igp,,,r1,,0,,,0,0,0,0,
2026-04-06T11:23:11.048,1775445791048,325,exp_igp_run1,899.861,2.798,1,igp,medium,igp,igp_default,igp_shortest,0,igp_baseline,0,0,none,,,igp,,,r1,,0,,,0,0,0,0,
2026-04-06T11:23:13.972,1775445793972,326,exp_igp_run1,902.785,2.924,1,igp,medium,igp,igp_default,igp_shortest,0,igp_baseline,0,0,none,,,igp,,,r1,,0,,,0,0,0,0,
2026-04-06T11:23:16.659,1775445796659,327,exp_igp_run1,905.472,2.687,1,igp,medium,igp,igp_default,igp_shortest,0,igp_baseline,0,0,none,,,igp,,,r1,,0,,,0,0,0,0,
2026-04-06T11:23:19.647,1775445799647,328,exp_igp_run1,908.46,2.988,1,igp,medium,igp,igp_default,igp_shortest,0,igp_baseline,0,0,none,,,igp,,,r1,,0,,,0,0,0,0,
2026-04-06T11:23:22.818,1775445802818,329,exp_igp_run1,911.631,3.171,1,igp,medium,igp,igp_default,igp_shortest,0,igp_baseline,0,0,none,,,igp,,,r1,,0,,,0,0,0,0,
2026-04-06T11:23:25.717,1775445805717,330,exp_igp_run1,914.53,2.899,1,igp,medium,igp,igp_default,igp_shortest,0,igp_baseline,0,0,none,,,igp,,,r1,,0,,,0,0,0,0,
2026-04-06T11:23:28.578,1775445808578,331,exp_igp_run1,917.391,2.861,1,igp,medium,igp,igp_default,igp_shortest,0,igp_baseline,0,0,none,,,igp,,,r1,,0,,,0,0,0,0,
2026-04-06T11:23:31.552,1775445811552,332,exp_igp_run1,920.365,2.974,1,igp,medium,igp,igp_default,igp_shortest,0,igp_baseline,0,0,none,,,igp,,,r1,,0,,,0,0,0,0,
2026-04-06T11:23:34.440,1775445814440,333,exp_igp_run1,923.253,2.889,1,igp,medium,igp,igp_default,igp_shortest,0,igp_baseline,0,0,none,,,igp,,,r1,,0,,,0,0,0,0,
2026-04-06T11:23:37.523,1775445817523,334,exp_igp_run1,926.335,3.082,1,igp,medium,igp,igp_default,igp_shortest,0,igp_baseline,0,0,none,,,igp,,,r1,,0,,,0,0,0,0,
2026-04-06T11:23:40.226,1775445820226,335,exp_igp_run1,929.039,2.703,1,igp,medium,igp,igp_default,igp_shortest,0,igp_baseline,0,0,none,,,igp,,,r1,,0,,,0,0,0,0,
2026-04-06T11:23:42.900,1775445822900,336,exp_igp_run1,931.713,2.675,1,igp,medium,igp,igp_default,igp_shortest,0,igp_baseline,0,0,none,,,igp,,,r1,,0,,,0,0,0,0,
2026-04-06T11:23:45.546,1775445825546,337,exp_igp_run1,934.359,2.646,1,igp,medium,igp,igp_default,igp_shortest,0,igp_baseline,0,0,none,,,igp,,,r1,,0,,,0,0,0,0,
2026-04-06T11:23:48.302,1775445828302,338,exp_igp_run1,937.115,2.756,1,igp,medium,igp,igp_default,igp_shortest,0,igp_baseline,0,0,none,,,igp,,,r1,,0,,,0,0,0,0,
2026-04-06T11:23:51.011,1775445831011,339,exp_igp_run1,939.824,2.708,1,igp,medium,igp,igp_default,igp_shortest,0,igp_baseline,0,0,none,,,igp,,,r1,,0,,,0,0,0,0,
2026-04-06T11:23:53.908,1775445833908,340,exp_igp_run1,942.721,2.898,1,igp,medium,igp,igp_default,igp_shortest,0,igp_baseline,0,0,none,,,igp,,,r1,,0,,,0,0,0,0,
2026-04-06T11:23:56.745,1775445836745,341,exp_igp_run1,945.558,2.837,1,igp,medium,igp,igp_default,igp_shortest,0,igp_baseline,0,0,none,,,igp,,,r1,,0,,,0,0,0,0,
2026-04-06T11:23:59.383,1775445839383,342,exp_igp_run1,948.196,2.638,1,igp,medium,igp,igp_default,igp_shortest,0,igp_baseline,0,0,none,,,igp,,,r1,,0,,,0,0,0,0,
2026-04-06T11:24:02.075,1775445842075,343,exp_igp_run1,950.888,2.693,1,igp,medium,igp,igp_default,igp_shortest,0,igp_baseline,0,0,none,,,igp,,,r1,,0,,,0,0,0,0,
2026-04-06T11:24:04.661,1775445844661,344,exp_igp_run1,953.474,2.586,1,igp,medium,igp,igp_default,igp_shortest,0,igp_baseline,0,0,none,,,igp,,,r1,,0,,,0,0,0,0,
2026-04-06T11:24:07.389,1775445847389,345,exp_igp_run1,956.201,2.727,1,igp,medium,igp,igp_default,igp_shortest,0,igp_baseline,0,0,none,,,igp,,,r1,,0,,,0,0,0,0,
2026-04-06T11:24:10.704,1775445850704,346,exp_igp_run1,959.517,3.316,1,igp,medium,igp,igp_default,igp_shortest,0,igp_baseline,0,0,none,,,igp,,,r1,,0,,,0,0,0,0,
2026-04-06T11:24:13.349,1775445853349,347,exp_igp_run1,962.162,2.645,1,igp,medium,igp,igp_default,igp_shortest,0,igp_baseline,0,0,none,,,igp,,,r1,,0,,,0,0,0,0,
2026-04-06T11:24:16.066,1775445856066,348,exp_igp_run1,964.879,2.717,1,igp,medium,igp,igp_default,igp_shortest,0,igp_baseline,0,0,none,,,igp,,,r1,,0,,,0,0,0,0,
2026-04-06T11:24:18.752,1775445858752,349,exp_igp_run1,967.565,2.686,1,igp,medium,igp,igp_default,igp_shortest,0,igp_baseline,0,0,none,,,igp,,,r1,,0,,,0,0,0,0,
2026-04-06T11:24:21.494,1775445861494,350,exp_igp_run1,970.307,2.741,1,igp,medium,igp,igp_default,igp_shortest,0,igp_baseline,0,0,none,,,igp,,,r1,,0,,,0,0,0,0,
2026-04-06T11:24:24.540,1775445864540,351,exp_igp_run1,973.353,3.047,1,igp,medium,igp,igp_default,igp_shortest,0,igp_baseline,0,0,none,,,igp,,,r1,,0,,,0,0,0,0,
2026-04-06T11:24:27.198,1775445867198,352,exp_igp_run1,976.011,2.658,1,igp,medium,igp,igp_default,igp_shortest,0,igp_baseline,0,0,none,,,igp,,,r1,,0,,,0,0,0,0,
2026-04-06T11:24:29.857,1775445869857,353,exp_igp_run1,978.67,2.659,1,igp,medium,igp,igp_default,igp_shortest,0,igp_baseline,0,0,none,,,igp,,,r1,,0,,,0,0,0,0,
2026-04-06T11:24:33.059,1775445873059,354,exp_igp_run1,981.872,3.202,1,igp,medium,igp,igp_default,igp_shortest,0,igp_baseline,0,0,none,,,igp,,,r1,,0,,,0,0,0,0,
2026-04-06T11:24:35.698,1775445875698,355,exp_igp_run1,984.511,2.639,1,igp,medium,igp,igp_default,igp_shortest,0,igp_baseline,0,0,none,,,igp,,,r1,,0,,,0,0,0,0,
2026-04-06T11:24:38.346,1775445878346,356,exp_igp_run1,987.158,2.648,1,igp,medium,igp,igp_default,igp_shortest,0,igp_baseline,0,0,none,,,igp,,,r1,,0,,,0,0,0,0,
2026-04-06T11:24:40.972,1775445880972,357,exp_igp_run1,989.785,2.627,1,igp,medium,igp,igp_default,igp_shortest,0,igp_baseline,0,0,none,,,igp,,,r1,,0,,,0,0,0,0,
2026-04-06T11:24:43.626,1775445883626,358,exp_igp_run1,992.439,2.654,1,igp,medium,igp,igp_default,igp_shortest,0,igp_baseline,0,0,none,,,igp,,,r1,,0,,,0,0,0,0,
2026-04-06T11:24:46.298,1775445886298,359,exp_igp_run1,995.111,2.672,1,igp,medium,igp,igp_default,igp_shortest,0,igp_baseline,0,0,none,,,igp,,,r1,,0,,,0,0,0,0,
2026-04-06T11:24:48.974,1775445888974,360,exp_igp_run1,997.787,2.676,1,igp,medium,igp,igp_default,igp_shortest,0,igp_baseline,0,0,none,,,igp,,,r1,,0,,,0,0,0,0,
2026-04-06T11:24:51.624,1775445891624,361,exp_igp_run1,1000.437,2.65,1,igp,medium,igp,igp_default,igp_shortest,0,igp_baseline,0,0,none,,,igp,,,r1,,0,,,0,0,0,0,
2026-04-06T11:24:54.295,1775445894295,362,exp_igp_run1,1003.108,2.67,1,igp,medium,igp,igp_default,igp_shortest,0,igp_baseline,0,0,none,,,igp,,,r1,,0,,,0,0,0,0,
2026-04-06T11:24:57.003,1775445897003,363,exp_igp_run1,1005.815,2.708,1,igp,medium,igp,igp_default,igp_shortest,0,igp_baseline,0,0,none,,,igp,,,r1,,0,,,0,0,0,0,
2026-04-06T11:24:59.601,1775445899601,364,exp_igp_run1,1008.414,2.598,1,igp,medium,igp,igp_default,igp_shortest,0,igp_baseline,0,0,none,,,igp,,,r1,,0,,,0,0,0,0,
2026-04-06T11:25:02.232,1775445902232,365,exp_igp_run1,1011.045,2.631,1,igp,medium,igp,igp_default,igp_shortest,0,igp_baseline,0,0,none,,,igp,,,r1,,0,,,0,0,0,0,
2026-04-06T11:25:04.910,1775445904910,366,exp_igp_run1,1013.723,2.678,1,igp,medium,igp,igp_default,igp_shortest,0,igp_baseline,0,0,none,,,igp,,,r1,,0,,,0,0,0,0,
2026-04-06T11:25:07.559,1775445907559,367,exp_igp_run1,1016.372,2.649,1,igp,medium,igp,igp_default,igp_shortest,0,igp_baseline,0,0,none,,,igp,,,r1,,0,,,0,0,0,0,
2026-04-06T11:25:10.249,1775445910249,368,exp_igp_run1,1019.062,2.69,1,igp,medium,igp,igp_default,igp_shortest,0,igp_baseline,0,0,none,,,igp,,,r1,,0,,,0,0,0,0,
2026-04-06T11:25:12.882,1775445912882,369,exp_igp_run1,1021.695,2.633,1,igp,medium,igp,igp_default,igp_shortest,0,igp_baseline,0,0,none,,,igp,,,r1,,0,,,0,0,0,0,
2026-04-06T11:25:15.567,1775445915567,370,exp_igp_run1,1024.379,2.685,1,igp,medium,igp,igp_default,igp_shortest,0,igp_baseline,0,0,none,,,igp,,,r1,,0,,,0,0,0,0,
2026-04-06T11:25:18.226,1775445918226,371,exp_igp_run1,1027.039,2.659,1,igp,medium,igp,igp_default,igp_shortest,0,igp_baseline,0,0,none,,,igp,,,r1,,0,,,0,0,0,0,
2026-04-06T11:25:20.846,1775445920846,372,exp_igp_run1,1029.659,2.62,1,igp,medium,igp,igp_default,igp_shortest,0,igp_baseline,0,0,none,,,igp,,,r1,,0,,,0,0,0,0,
2026-04-06T11:25:23.537,1775445923537,373,exp_igp_run1,1032.35,2.692,1,igp,medium,igp,igp_default,igp_shortest,0,igp_baseline,0,0,none,,,igp,,,r1,,0,,,0,0,0,0,
2026-04-06T11:25:26.140,1775445926140,374,exp_igp_run1,1034.953,2.603,1,igp,medium,igp,igp_default,igp_shortest,0,igp_baseline,0,0,none,,,igp,,,r1,,0,,,0,0,0,0,
2026-04-06T11:25:28.745,1775445928745,375,exp_igp_run1,1037.557,2.604,1,igp,medium,igp,igp_default,igp_shortest,0,igp_baseline,0,0,none,,,igp,,,r1,,0,,,0,0,0,0,
2026-04-06T11:25:31.393,1775445931393,376,exp_igp_run1,1040.206,2.648,1,igp,medium,igp,igp_default,igp_shortest,0,igp_baseline,0,0,none,,,igp,,,r1,,0,,,0,0,0,0,
2026-04-06T11:25:34.038,1775445934038,377,exp_igp_run1,1042.851,2.645,1,igp,medium,igp,igp_default,igp_shortest,0,igp_baseline,0,0,none,,,igp,,,r1,,0,,,0,0,0,0,
2026-04-06T11:25:36.670,1775445936670,378,exp_igp_run1,1045.483,2.632,1,igp,medium,igp,igp_default,igp_shortest,0,igp_baseline,0,0,none,,,igp,,,r1,,0,,,0,0,0,0,
2026-04-06T11:25:39.308,1775445939308,379,exp_igp_run1,1048.121,2.638,1,igp,medium,igp,igp_default,igp_shortest,0,igp_baseline,0,0,none,,,igp,,,r1,,0,,,0,0,0,0,
2026-04-06T11:25:41.982,1775445941982,380,exp_igp_run1,1050.795,2.674,1,igp,medium,igp,igp_default,igp_shortest,0,igp_baseline,0,0,none,,,igp,,,r1,,0,,,0,0,0,0,
2026-04-06T11:25:44.627,1775445944627,381,exp_igp_run1,1053.44,2.645,1,igp,medium,igp,igp_default,igp_shortest,0,igp_baseline,0,0,none,,,igp,,,r1,,0,,,0,0,0,0,
2026-04-06T11:25:47.282,1775445947282,382,exp_igp_run1,1056.095,2.655,1,igp,medium,igp,igp_default,igp_shortest,0,igp_baseline,0,0,none,,,igp,,,r1,,0,,,0,0,0,0,
2026-04-06T11:25:49.949,1775445949949,383,exp_igp_run1,1058.762,2.667,1,igp,medium,igp,igp_default,igp_shortest,0,igp_baseline,0,0,none,,,igp,,,r1,,0,,,0,0,0,0,
2026-04-06T11:25:52.598,1775445952598,384,exp_igp_run1,1061.41,2.648,1,igp,medium,igp,igp_default,igp_shortest,0,igp_baseline,0,0,none,,,igp,,,r1,,0,,,0,0,0,0,
2026-04-06T11:25:55.212,1775445955212,385,exp_igp_run1,1064.025,2.615,1,igp,medium,igp,igp_default,igp_shortest,0,igp_baseline,0,0,none,,,igp,,,r1,,0,,,0,0,0,0,
2026-04-06T11:25:57.897,1775445957897,386,exp_igp_run1,1066.71,2.685,1,igp,medium,igp,igp_default,igp_shortest,0,igp_baseline,0,0,none,,,igp,,,r1,,0,,,0,0,0,0,
2026-04-06T11:26:00.531,1775445960531,387,exp_igp_run1,1069.344,2.634,1,igp,medium,igp,igp_default,igp_shortest,0,igp_baseline,0,0,none,,,igp,,,r1,,0,,,0,0,0,0,
2026-04-06T11:26:03.198,1775445963198,388,exp_igp_run1,1072.011,2.667,1,igp,medium,igp,igp_default,igp_shortest,0,igp_baseline,0,0,none,,,igp,,,r1,,0,,,0,0,0,0,
2026-04-06T11:26:05.808,1775445965808,389,exp_igp_run1,1074.621,2.611,1,igp,medium,igp,igp_default,igp_shortest,0,igp_baseline,0,0,none,,,igp,,,r1,,0,,,0,0,0,0,
2026-04-06T11:26:08.434,1775445968434,390,exp_igp_run1,1077.247,2.626,1,igp,medium,igp,igp_default,igp_shortest,0,igp_baseline,0,0,none,,,igp,,,r1,,0,,,0,0,0,0,
2026-04-06T11:26:11.102,1775445971102,391,exp_igp_run1,1079.914,2.667,1,igp,medium,igp,igp_default,igp_shortest,0,igp_baseline,0,0,none,,,igp,,,r1,,0,,,0,0,0,0,
2026-04-06T11:26:13.792,1775445973792,392,exp_igp_run1,1082.605,2.69,1,igp,medium,igp,igp_default,igp_shortest,0,igp_baseline,0,0,none,,,igp,,,r1,,0,,,0,0,0,0,
2026-04-06T11:26:16.449,1775445976449,393,exp_igp_run1,1085.262,2.657,1,igp,medium,igp,igp_default,igp_shortest,0,igp_baseline,0,0,none,,,igp,,,r1,,0,,,0,0,0,0,
2026-04-06T11:26:19.117,1775445979117,394,exp_igp_run1,1087.93,2.668,1,igp,medium,igp,igp_default,igp_shortest,0,igp_baseline,0,0,none,,,igp,,,r1,,0,,,0,0,0,0,
2026-04-06T11:26:21.801,1775445981801,395,exp_igp_run1,1090.614,2.685,1,igp,medium,igp,igp_default,igp_shortest,0,igp_baseline,0,0,none,,,igp,,,r1,,0,,,0,0,0,0,
2026-04-06T11:26:24.476,1775445984476,396,exp_igp_run1,1093.289,2.675,1,igp,medium,igp,igp_default,igp_shortest,0,igp_baseline,0,0,none,,,igp,,,r1,,0,,,0,0,0,0,
2026-04-06T11:26:27.103,1775445987103,397,exp_igp_run1,1095.916,2.627,1,igp,medium,igp,igp_default,igp_shortest,0,igp_baseline,0,0,none,,,igp,,,r1,,0,,,0,0,0,0,
2026-04-06T11:26:29.814,1775445989814,398,exp_igp_run1,1098.626,2.711,1,igp,medium,igp,igp_default,igp_shortest,0,igp_baseline,0,0,none,,,igp,,,r1,,0,,,0,0,0,0,
2026-04-06T11:26:32.456,1775445992456,399,exp_igp_run1,1101.269,2.642,1,igp,medium,igp,igp_default,igp_shortest,0,igp_baseline,0,0,none,,,igp,,,r1,,0,,,0,0,0,0,
2026-04-06T11:26:35.127,1775445995127,400,exp_igp_run1,1103.94,2.671,1,igp,medium,igp,igp_default,igp_shortest,0,igp_baseline,0,0,none,,,igp,,,r1,,0,,,0,0,0,0,
2026-04-06T11:26:37.742,1775445997742,401,exp_igp_run1,1106.555,2.615,1,igp,medium,igp,igp_default,igp_shortest,0,igp_baseline,0,0,none,,,igp,,,r1,,0,,,0,0,0,0,
2026-04-06T11:26:40.398,1775446000398,402,exp_igp_run1,1109.211,2.656,1,igp,medium,igp,igp_default,igp_shortest,0,igp_baseline,0,0,none,,,igp,,,r1,,0,,,0,0,0,0,
2026-04-06T11:26:43.018,1775446003018,403,exp_igp_run1,1111.83,2.62,1,igp,medium,igp,igp_default,igp_shortest,0,igp_baseline,0,0,none,,,igp,,,r1,,0,,,0,0,0,0,
2026-04-06T11:26:45.680,1775446005680,404,exp_igp_run1,1114.493,2.662,1,igp,medium,igp,igp_default,igp_shortest,0,igp_baseline,0,0,none,,,igp,,,r1,,0,,,0,0,0,0,
2026-04-06T11:26:48.338,1775446008338,405,exp_igp_run1,1117.151,2.658,1,igp,medium,igp,igp_default,igp_shortest,0,igp_baseline,0,0,none,,,igp,,,r1,,0,,,0,0,0,0,
2026-04-06T11:26:50.966,1775446010966,406,exp_igp_run1,1119.779,2.628,1,igp,medium,igp,igp_default,igp_shortest,0,igp_baseline,0,0,none,,,igp,,,r1,,0,,,0,0,0,0,
2026-04-06T11:26:53.623,1775446013624,407,exp_igp_run1,1122.436,2.658,1,igp,medium,igp,igp_default,igp_shortest,0,igp_baseline,0,0,none,,,igp,,,r1,,0,,,0,0,0,0,
2026-04-06T11:26:56.284,1775446016284,408,exp_igp_run1,1125.097,2.66,1,igp,medium,igp,igp_default,igp_shortest,0,igp_baseline,0,0,none,,,igp,,,r1,,0,,,0,0,0,0,
2026-04-06T11:26:58.909,1775446018909,409,exp_igp_run1,1127.721,2.625,1,igp,medium,igp,igp_default,igp_shortest,0,igp_baseline,0,0,none,,,igp,,,r1,,0,,,0,0,0,0,
2026-04-06T11:27:01.594,1775446021594,410,exp_igp_run1,1130.407,2.686,1,igp,medium,igp,igp_default,igp_shortest,0,igp_baseline,0,0,none,,,igp,,,r1,,0,,,0,0,0,0,
2026-04-06T11:27:04.257,1775446024257,411,exp_igp_run1,1133.07,2.663,1,igp,medium,igp,igp_default,igp_shortest,0,igp_baseline,0,0,none,,,igp,,,r1,,0,,,0,0,0,0,
2026-04-06T11:27:06.890,1775446026890,412,exp_igp_run1,1135.703,2.633,1,igp,medium,igp,igp_default,igp_shortest,0,igp_baseline,0,0,none,,,igp,,,r1,,0,,,0,0,0,0,
2026-04-06T11:27:09.550,1775446029550,413,exp_igp_run1,1138.362,2.66,1,igp,medium,igp,igp_default,igp_shortest,0,igp_baseline,0,0,none,,,igp,,,r1,,0,,,0,0,0,0,
2026-04-06T11:27:12.222,1775446032222,414,exp_igp_run1,1141.034,2.672,1,igp,medium,igp,igp_default,igp_shortest,0,igp_baseline,0,0,none,,,igp,,,r1,,0,,,0,0,0,0,
2026-04-06T11:27:14.881,1775446034881,415,exp_igp_run1,1143.694,2.659,1,igp,medium,igp,igp_default,igp_shortest,0,igp_baseline,0,0,none,,,igp,,,r1,,0,,,0,0,0,0,
2026-04-06T11:27:17.540,1775446037540,416,exp_igp_run1,1146.353,2.659,1,igp,medium,igp,igp_default,igp_shortest,0,igp_baseline,0,0,none,,,igp,,,r1,,0,,,0,0,0,0,
2026-04-06T11:27:20.180,1775446040180,417,exp_igp_run1,1148.993,2.64,1,igp,medium,igp,igp_default,igp_shortest,0,igp_baseline,0,0,none,,,igp,,,r1,,0,,,0,0,0,0,
2026-04-06T11:27:22.828,1775446042828,418,exp_igp_run1,1151.641,2.648,1,igp,medium,igp,igp_default,igp_shortest,0,igp_baseline,0,0,none,,,igp,,,r1,,0,,,0,0,0,0,
2026-04-06T11:27:25.465,1775446045465,419,exp_igp_run1,1154.278,2.637,1,igp,medium,igp,igp_default,igp_shortest,0,igp_baseline,0,0,none,,,igp,,,r1,,0,,,0,0,0,0,
2026-04-06T11:27:28.055,1775446048055,420,exp_igp_run1,1156.867,2.589,1,igp,medium,igp,igp_default,igp_shortest,0,igp_baseline,0,0,none,,,igp,,,r1,,0,,,0,0,0,0,
2026-04-06T11:27:30.722,1775446050722,421,exp_igp_run1,1159.535,2.667,1,igp,medium,igp,igp_default,igp_shortest,0,igp_baseline,0,0,none,,,igp,,,r1,,0,,,0,0,0,0,
2026-04-06T11:27:33.337,1775446053337,422,exp_igp_run1,1162.15,2.615,1,igp,medium,igp,igp_default,igp_shortest,0,igp_baseline,0,0,none,,,igp,,,r1,,0,,,0,0,0,0,
2026-04-06T11:27:35.916,1775446055916,423,exp_igp_run1,1164.729,2.579,1,igp,medium,igp,igp_default,igp_shortest,0,igp_baseline,0,0,none,,,igp,,,r1,,0,,,0,0,0,0,
2026-04-06T11:27:38.586,1775446058586,424,exp_igp_run1,1167.398,2.67,1,igp,medium,igp,igp_default,igp_shortest,0,igp_baseline,0,0,none,,,igp,,,r1,,0,,,0,0,0,0,
2026-04-06T11:27:41.218,1775446061218,425,exp_igp_run1,1170.031,2.633,1,igp,medium,igp,igp_default,igp_shortest,0,igp_baseline,0,0,none,,,igp,,,r1,,0,,,0,0,0,0,
2026-04-06T11:27:43.818,1775446063818,426,exp_igp_run1,1172.63,2.599,1,igp,medium,igp,igp_default,igp_shortest,0,igp_baseline,0,0,none,,,igp,,,r1,,0,,,0,0,0,0,
2026-04-06T11:27:46.418,1775446066418,427,exp_igp_run1,1175.231,2.601,1,igp,medium,igp,igp_default,igp_shortest,0,igp_baseline,0,0,none,,,igp,,,r1,,0,,,0,0,0,0,
2026-04-06T11:27:49.077,1775446069077,428,exp_igp_run1,1177.89,2.659,1,igp,medium,igp,igp_default,igp_shortest,0,igp_baseline,0,0,none,,,igp,,,r1,,0,,,0,0,0,0,
2026-04-06T11:27:51.721,1775446071721,429,exp_igp_run1,1180.534,2.644,1,igp,medium,igp,igp_default,igp_shortest,0,igp_baseline,0,0,none,,,igp,,,r1,,0,,,0,0,0,0,
2026-04-06T11:27:54.337,1775446074337,430,exp_igp_run1,1183.15,2.616,1,igp,medium,igp,igp_default,igp_shortest,0,igp_baseline,0,0,none,,,igp,,,r1,,0,,,0,0,0,0,
2026-04-06T11:27:56.973,1775446076973,431,exp_igp_run1,1185.786,2.636,1,igp,medium,igp,igp_default,igp_shortest,0,igp_baseline,0,0,none,,,igp,,,r1,,0,,,0,0,0,0,
2026-04-06T11:27:59.705,1775446079705,432,exp_igp_run1,1188.518,2.732,1,igp,medium,igp,igp_default,igp_shortest,0,igp_baseline,0,0,none,,,igp,,,r1,,0,,,0,0,0,0,
2026-04-06T11:28:02.331,1775446082331,433,exp_igp_run1,1191.143,2.626,1,igp,medium,igp,igp_default,igp_shortest,0,igp_baseline,0,0,none,,,igp,,,r1,,0,,,0,0,0,0,
2026-04-06T11:28:05.037,1775446085037,434,exp_igp_run1,1193.85,2.706,1,igp,medium,igp,igp_default,igp_shortest,0,igp_baseline,0,0,none,,,igp,,,r1,,0,,,0,0,0,0,
2026-04-06T11:28:07.665,1775446087665,435,exp_igp_run1,1196.478,2.628,1,igp,medium,igp,igp_default,igp_shortest,0,igp_baseline,0,0,none,,,igp,,,r1,,0,,,0,0,0,0,
2026-04-06T11:28:10.310,1775446090310,436,exp_igp_run1,1199.123,2.645,1,igp,medium,igp,igp_default,igp_shortest,0,igp_baseline,0,0,none,,,igp,,,r1,,0,,,0,0,0,0,
2026-04-06T11:28:12.942,1775446092942,437,exp_igp_run1,1201.754,2.632,1,igp,medium,igp,igp_default,igp_shortest,0,igp_baseline,0,0,none,,,igp,,,r1,,0,,,0,0,0,0,
2026-04-06T11:28:15.591,1775446095591,438,exp_igp_run1,1204.404,2.649,1,igp,medium,igp,igp_default,igp_shortest,0,igp_baseline,0,0,none,,,igp,,,r1,,0,,,0,0,0,0,
2026-04-06T11:28:18.242,1775446098242,439,exp_igp_run1,1207.055,2.652,1,igp,medium,igp,igp_default,igp_shortest,0,igp_baseline,0,0,none,,,igp,,,r1,,0,,,0,0,0,0,
2026-04-06T11:28:20.913,1775446100913,440,exp_igp_run1,1209.726,2.671,1,igp,medium,igp,igp_default,igp_shortest,0,igp_baseline,0,0,none,,,igp,,,r1,,0,,,0,0,0,0,
2026-04-06T11:28:23.590,1775446103590,441,exp_igp_run1,1212.402,2.676,1,igp,medium,igp,igp_default,igp_shortest,0,igp_baseline,0,0,none,,,igp,,,r1,,0,,,0,0,0,0,
2026-04-06T11:28:26.226,1775446106226,442,exp_igp_run1,1215.039,2.636,1,igp,medium,igp,igp_default,igp_shortest,0,igp_baseline,0,0,none,,,igp,,,r1,,0,,,0,0,0,0,
2026-04-06T11:28:28.836,1775446108836,443,exp_igp_run1,1217.649,2.61,1,igp,medium,igp,igp_default,igp_shortest,0,igp_baseline,0,0,none,,,igp,,,r1,,0,,,0,0,0,0,
2026-04-06T11:28:31.441,1775446111441,444,exp_igp_run1,1220.254,2.605,1,igp,medium,igp,igp_default,igp_shortest,0,igp_baseline,0,0,none,,,igp,,,r1,,0,,,0,0,0,0,
2026-04-06T11:28:34.077,1775446114077,445,exp_igp_run1,1222.89,2.636,1,igp,medium,igp,igp_default,igp_shortest,0,igp_baseline,0,0,none,,,igp,,,r1,,0,,,0,0,0,0,
2026-04-06T11:28:36.732,1775446116732,446,exp_igp_run1,1225.545,2.655,1,igp,medium,igp,igp_default,igp_shortest,0,igp_baseline,0,0,none,,,igp,,,r1,,0,,,0,0,0,0,
2026-04-06T11:28:39.398,1775446119398,447,exp_igp_run1,1228.211,2.666,1,igp,medium,igp,igp_default,igp_shortest,0,igp_baseline,0,0,none,,,igp,,,r1,,0,,,0,0,0,0,
2026-04-06T11:28:42.049,1775446122049,448,exp_igp_run1,1230.862,2.651,1,igp,medium,igp,igp_default,igp_shortest,0,igp_baseline,0,0,none,,,igp,,,r1,,0,,,0,0,0,0,
2026-04-06T11:28:44.669,1775446124669,449,exp_igp_run1,1233.482,2.62,1,igp,medium,igp,igp_default,igp_shortest,0,igp_baseline,0,0,none,,,igp,,,r1,,0,,,0,0,0,0,
2026-04-06T11:28:47.390,1775446127390,450,exp_igp_run1,1236.203,2.721,1,igp,medium,igp,igp_default,igp_shortest,0,igp_baseline,0,0,none,,,igp,,,r1,,0,,,0,0,0,0,
2026-04-06T11:28:50.069,1775446130069,451,exp_igp_run1,1238.882,2.679,1,igp,medium,igp,igp_default,igp_shortest,0,igp_baseline,0,0,none,,,igp,,,r1,,0,,,0,0,0,0,
2026-04-06T11:28:52.757,1775446132757,452,exp_igp_run1,1241.57,2.688,1,igp,medium,igp,igp_default,igp_shortest,0,igp_baseline,0,0,none,,,igp,,,r1,,0,,,0,0,0,0,
2026-04-06T11:28:55.434,1775446135434,453,exp_igp_run1,1244.247,2.677,1,igp,medium,igp,igp_default,igp_shortest,0,igp_baseline,0,0,none,,,igp,,,r1,,0,,,0,0,0,0,
2026-04-06T11:28:58.062,1775446138062,454,exp_igp_run1,1246.875,2.628,1,igp,medium,igp,igp_default,igp_shortest,0,igp_baseline,0,0,none,,,igp,,,r1,,0,,,0,0,0,0,
2026-04-06T11:29:00.720,1775446140720,455,exp_igp_run1,1249.533,2.658,1,igp,medium,igp,igp_default,igp_shortest,0,igp_baseline,0,0,none,,,igp,,,r1,,0,,,0,0,0,0,
2026-04-06T11:29:03.374,1775446143374,456,exp_igp_run1,1252.186,2.653,1,igp,medium,igp,igp_default,igp_shortest,0,igp_baseline,0,0,none,,,igp,,,r1,,0,,,0,0,0,0,
2026-04-06T11:29:05.994,1775446145994,457,exp_igp_run1,1254.807,2.62,1,igp,medium,igp,igp_default,igp_shortest,0,igp_baseline,0,0,none,,,igp,,,r1,,0,,,0,0,0,0,
2026-04-06T11:29:08.665,1775446148665,458,exp_igp_run1,1257.477,2.671,1,igp,medium,igp,igp_default,igp_shortest,0,igp_baseline,0,0,none,,,igp,,,r1,,0,,,0,0,0,0,
2026-04-06T11:29:11.316,1775446151316,459,exp_igp_run1,1260.129,2.652,1,igp,medium,igp,igp_default,igp_shortest,0,igp_baseline,0,0,none,,,igp,,,r1,,0,,,0,0,0,0,
2026-04-06T11:29:13.994,1775446153994,460,exp_igp_run1,1262.807,2.678,1,igp,medium,igp,igp_default,igp_shortest,0,igp_baseline,0,0,none,,,igp,,,r1,,0,,,0,0,0,0,
2026-04-06T11:29:16.609,1775446156609,461,exp_igp_run1,1265.422,2.615,1,igp,medium,igp,igp_default,igp_shortest,0,igp_baseline,0,0,none,,,igp,,,r1,,0,,,0,0,0,0,
2026-04-06T11:29:19.298,1775446159298,462,exp_igp_run1,1268.111,2.689,1,igp,medium,igp,igp_default,igp_shortest,0,igp_baseline,0,0,none,,,igp,,,r1,,0,,,0,0,0,0,
2026-04-06T11:29:21.941,1775446161942,463,exp_igp_run1,1270.754,2.643,1,igp,medium,igp,igp_default,igp_shortest,0,igp_baseline,0,0,none,,,igp,,,r1,,0,,,0,0,0,0,
2026-04-06T11:29:24.605,1775446164605,464,exp_igp_run1,1273.418,2.664,1,igp,medium,igp,igp_default,igp_shortest,0,igp_baseline,0,0,none,,,igp,,,r1,,0,,,0,0,0,0,
2026-04-06T11:29:27.233,1775446167233,465,exp_igp_run1,1276.046,2.628,1,igp,medium,igp,igp_default,igp_shortest,0,igp_baseline,0,0,none,,,igp,,,r1,,0,,,0,0,0,0,
2026-04-06T11:29:29.854,1775446169854,466,exp_igp_run1,1278.667,2.621,1,igp,medium,igp,igp_default,igp_shortest,0,igp_baseline,0,0,none,,,igp,,,r1,,0,,,0,0,0,0,
2026-04-06T11:29:32.522,1775446172522,467,exp_igp_run1,1281.335,2.668,1,igp,medium,igp,igp_default,igp_shortest,0,igp_baseline,0,0,none,,,igp,,,r1,,0,,,0,0,0,0,
2026-04-06T11:29:35.113,1775446175113,468,exp_igp_run1,1283.926,2.591,1,igp,medium,igp,igp_default,igp_shortest,0,igp_baseline,0,0,none,,,igp,,,r1,,0,,,0,0,0,0,
2026-04-06T11:29:37.782,1775446177782,469,exp_igp_run1,1286.595,2.668,1,igp,medium,igp,igp_default,igp_shortest,0,igp_baseline,0,0,none,,,igp,,,r1,,0,,,0,0,0,0,
2026-04-06T11:29:40.471,1775446180471,470,exp_igp_run1,1289.283,2.689,1,igp,medium,igp,igp_default,igp_shortest,0,igp_baseline,0,0,none,,,igp,,,r1,,0,,,0,0,0,0,
2026-04-06T11:29:43.165,1775446183165,471,exp_igp_run1,1291.978,2.695,1,igp,medium,igp,igp_default,igp_shortest,0,igp_baseline,0,0,none,,,igp,,,r1,,0,,,0,0,0,0,
2026-04-06T11:29:45.797,1775446185797,472,exp_igp_run1,1294.609,2.631,1,igp,medium,igp,igp_default,igp_shortest,0,igp_baseline,0,0,none,,,igp,,,r1,,0,,,0,0,0,0,
2026-04-06T11:29:48.478,1775446188478,473,exp_igp_run1,1297.291,2.681,1,igp,medium,igp,igp_default,igp_shortest,0,igp_baseline,0,0,none,,,igp,,,r1,,0,,,0,0,0,0,
2026-04-06T11:29:51.133,1775446191133,474,exp_igp_run1,1299.946,2.655,1,igp,medium,igp,igp_default,igp_shortest,0,igp_baseline,0,0,none,,,igp,,,r1,,0,,,0,0,0,0,
2026-04-06T11:29:53.796,1775446193796,475,exp_igp_run1,1302.609,2.663,1,igp,medium,igp,igp_default,igp_shortest,0,igp_baseline,0,0,none,,,igp,,,r1,,0,,,0,0,0,0,
2026-04-06T11:29:56.414,1775446196414,476,exp_igp_run1,1305.226,2.617,1,igp,medium,igp,igp_default,igp_shortest,0,igp_baseline,0,0,none,,,igp,,,r1,,0,,,0,0,0,0,
2026-04-06T11:29:59.073,1775446199073,477,exp_igp_run1,1307.886,2.66,1,igp,medium,igp,igp_default,igp_shortest,0,igp_baseline,0,0,none,,,igp,,,r1,,0,,,0,0,0,0,
2026-04-06T11:30:01.697,1775446201697,478,exp_igp_run1,1310.51,2.624,1,igp,medium,igp,igp_default,igp_shortest,0,igp_baseline,0,0,none,,,igp,,,r1,,0,,,0,0,0,0,
2026-04-06T11:30:04.365,1775446204365,479,exp_igp_run1,1313.178,2.668,1,igp,medium,igp,igp_default,igp_shortest,0,igp_baseline,0,0,none,,,igp,,,r1,,0,,,0,0,0,0,
2026-04-06T11:30:06.969,1775446206969,480,exp_igp_run1,1315.782,2.604,1,igp,medium,igp,igp_default,igp_shortest,0,igp_baseline,0,0,none,,,igp,,,r1,,0,,,0,0,0,0,
2026-04-06T11:30:09.622,1775446209622,481,exp_igp_run1,1318.435,2.653,1,igp,medium,igp,igp_default,igp_shortest,0,igp_baseline,0,0,none,,,igp,,,r1,,0,,,0,0,0,0,
2026-04-06T11:30:12.286,1775446212286,482,exp_igp_run1,1321.098,2.664,1,igp,medium,igp,igp_default,igp_shortest,0,igp_baseline,0,0,none,,,igp,,,r1,,0,,,0,0,0,0,
2026-04-06T11:30:14.940,1775446214940,483,exp_igp_run1,1323.752,2.654,1,igp,medium,igp,igp_default,igp_shortest,0,igp_baseline,0,0,none,,,igp,,,r1,,0,,,0,0,0,0,
2026-04-06T11:30:17.578,1775446217578,484,exp_igp_run1,1326.391,2.638,1,igp,medium,igp,igp_default,igp_shortest,0,igp_baseline,0,0,none,,,igp,,,r1,,0,,,0,0,0,0,
2026-04-06T11:30:20.222,1775446220222,485,exp_igp_run1,1329.035,2.644,1,igp,medium,igp,igp_default,igp_shortest,0,igp_baseline,0,0,none,,,igp,,,r1,,0,,,0,0,0,0,
2026-04-06T11:30:22.930,1775446222930,486,exp_igp_run1,1331.743,2.708,1,igp,medium,igp,igp_default,igp_shortest,0,igp_baseline,0,0,none,,,igp,,,r1,,0,,,0,0,0,0,
2026-04-06T11:30:25.530,1775446225530,487,exp_igp_run1,1334.342,2.599,1,igp,medium,igp,igp_default,igp_shortest,0,igp_baseline,0,0,none,,,igp,,,r1,,0,,,0,0,0,0,
2026-04-06T11:30:28.190,1775446228190,488,exp_igp_run1,1337.003,2.66,1,igp,medium,igp,igp_default,igp_shortest,0,igp_baseline,0,0,none,,,igp,,,r1,,0,,,0,0,0,0,
2026-04-06T11:30:30.808,1775446230808,489,exp_igp_run1,1339.621,2.618,1,igp,medium,igp,igp_default,igp_shortest,0,igp_baseline,0,0,none,,,igp,,,r1,,0,,,0,0,0,0,
2026-04-06T11:30:33.462,1775446233462,490,exp_igp_run1,1342.274,2.653,1,igp,medium,igp,igp_default,igp_shortest,0,igp_baseline,0,0,none,,,igp,,,r1,,0,,,0,0,0,0,
2026-04-06T11:30:36.110,1775446236110,491,exp_igp_run1,1344.923,2.648,1,igp,medium,igp,igp_default,igp_shortest,0,igp_baseline,0,0,none,,,igp,,,r1,,0,,,0,0,0,0,
2026-04-06T11:30:38.681,1775446238681,492,exp_igp_run1,1347.494,2.571,1,igp,medium,igp,igp_default,igp_shortest,0,igp_baseline,0,0,none,,,igp,,,r1,,0,,,0,0,0,0,
2026-04-06T11:30:41.378,1775446241378,493,exp_igp_run1,1350.191,2.697,1,igp,medium,igp,igp_default,igp_shortest,0,igp_baseline,0,0,none,,,igp,,,r1,,0,,,0,0,0,0,
2026-04-06T11:30:44.080,1775446244080,494,exp_igp_run1,1352.893,2.702,1,igp,medium,igp,igp_default,igp_shortest,0,igp_baseline,0,0,none,,,igp,,,r1,,0,,,0,0,0,0,
2026-04-06T11:30:46.730,1775446246730,495,exp_igp_run1,1355.543,2.65,1,igp,medium,igp,igp_default,igp_shortest,0,igp_baseline,0,0,none,,,igp,,,r1,,0,,,0,0,0,0,
2026-04-06T11:30:49.386,1775446249386,496,exp_igp_run1,1358.199,2.657,1,igp,medium,igp,igp_default,igp_shortest,0,igp_baseline,0,0,none,,,igp,,,r1,,0,,,0,0,0,0,
2026-04-06T11:30:52.021,1775446252021,497,exp_igp_run1,1360.834,2.635,1,igp,medium,igp,igp_default,igp_shortest,0,igp_baseline,0,0,none,,,igp,,,r1,,0,,,0,0,0,0,
2026-04-06T11:30:54.650,1775446254650,498,exp_igp_run1,1363.463,2.629,1,igp,medium,igp,igp_default,igp_shortest,0,igp_baseline,0,0,none,,,igp,,,r1,,0,,,0,0,0,0,
2026-04-06T11:30:57.281,1775446257281,499,exp_igp_run1,1366.094,2.631,1,igp,medium,igp,igp_default,igp_shortest,0,igp_baseline,0,0,none,,,igp,,,r1,,0,,,0,0,0,0,
2026-04-06T11:30:59.942,1775446259942,500,exp_igp_run1,1368.755,2.661,1,igp,medium,igp,igp_default,igp_shortest,0,igp_baseline,0,0,none,,,igp,,,r1,,0,,,0,0,0,0,
2026-04-06T11:31:02.629,1775446262629,501,exp_igp_run1,1371.442,2.687,1,igp,medium,igp,igp_default,igp_shortest,0,igp_baseline,0,0,none,,,igp,,,r1,,0,,,0,0,0,0,
2026-04-06T11:31:05.276,1775446265276,502,exp_igp_run1,1374.089,2.647,1,igp,medium,igp,igp_default,igp_shortest,0,igp_baseline,0,0,none,,,igp,,,r1,,0,,,0,0,0,0,
2026-04-06T11:31:07.885,1775446267885,503,exp_igp_run1,1376.698,2.609,1,igp,medium,igp,igp_default,igp_shortest,0,igp_baseline,0,0,none,,,igp,,,r1,,0,,,0,0,0,0,
2026-04-06T11:31:10.571,1775446270571,504,exp_igp_run1,1379.384,2.686,1,igp,medium,igp,igp_default,igp_shortest,0,igp_baseline,0,0,none,,,igp,,,r1,,0,,,0,0,0,0,
2026-04-06T11:31:13.222,1775446273222,505,exp_igp_run1,1382.035,2.651,1,igp,medium,igp,igp_default,igp_shortest,0,igp_baseline,0,0,none,,,igp,,,r1,,0,,,0,0,0,0,
2026-04-06T11:31:15.889,1775446275889,506,exp_igp_run1,1384.702,2.667,1,igp,medium,igp,igp_default,igp_shortest,0,igp_baseline,0,0,none,,,igp,,,r1,,0,,,0,0,0,0,
2026-04-06T11:31:18.501,1775446278501,507,exp_igp_run1,1387.313,2.611,1,igp,medium,igp,igp_default,igp_shortest,0,igp_baseline,0,0,none,,,igp,,,r1,,0,,,0,0,0,0,
2026-04-06T11:31:21.186,1775446281186,508,exp_igp_run1,1389.999,2.685,1,igp,medium,igp,igp_default,igp_shortest,0,igp_baseline,0,0,none,,,igp,,,r1,,0,,,0,0,0,0,
2026-04-06T11:31:23.813,1775446283813,509,exp_igp_run1,1392.626,2.627,1,igp,medium,igp,igp_default,igp_shortest,0,igp_baseline,0,0,none,,,igp,,,r1,,0,,,0,0,0,0,
2026-04-06T11:31:26.470,1775446286470,510,exp_igp_run1,1395.283,2.656,1,igp,medium,igp,igp_default,igp_shortest,0,igp_baseline,0,0,none,,,igp,,,r1,,0,,,0,0,0,0,
2026-04-06T11:31:29.102,1775446289102,511,exp_igp_run1,1397.914,2.632,1,igp,medium,igp,igp_default,igp_shortest,0,igp_baseline,0,0,none,,,igp,,,r1,,0,,,0,0,0,0,
2026-04-06T11:31:31.718,1775446291718,512,exp_igp_run1,1400.531,2.616,1,igp,medium,igp,igp_default,igp_shortest,0,igp_baseline,0,0,none,,,igp,,,r1,,0,,,0,0,0,0,
2026-04-06T11:31:34.392,1775446294392,513,exp_igp_run1,1403.205,2.674,1,igp,medium,igp,igp_default,igp_shortest,0,igp_baseline,0,0,none,,,igp,,,r1,,0,,,0,0,0,0,
2026-04-06T11:31:37.033,1775446297033,514,exp_igp_run1,1405.846,2.641,1,igp,medium,igp,igp_default,igp_shortest,0,igp_baseline,0,0,none,,,igp,,,r1,,0,,,0,0,0,0,
2026-04-06T11:31:39.704,1775446299704,515,exp_igp_run1,1408.517,2.671,1,igp,medium,igp,igp_default,igp_shortest,0,igp_baseline,0,0,none,,,igp,,,r1,,0,,,0,0,0,0,
2026-04-06T11:31:42.379,1775446302379,516,exp_igp_run1,1411.192,2.675,1,igp,medium,igp,igp_default,igp_shortest,0,igp_baseline,0,0,none,,,igp,,,r1,,0,,,0,0,0,0,
2026-04-06T11:31:45.077,1775446305077,517,exp_igp_run1,1413.89,2.698,1,igp,medium,igp,igp_default,igp_shortest,0,igp_baseline,0,0,none,,,igp,,,r1,,0,,,0,0,0,0,
2026-04-06T11:31:47.709,1775446307709,518,exp_igp_run1,1416.522,2.633,1,igp,medium,igp,igp_default,igp_shortest,0,igp_baseline,0,0,none,,,igp,,,r1,,0,,,0,0,0,0,
2026-04-06T11:31:50.362,1775446310362,519,exp_igp_run1,1419.174,2.652,1,igp,medium,igp,igp_default,igp_shortest,0,igp_baseline,0,0,none,,,igp,,,r1,,0,,,0,0,0,0,
2026-04-06T11:31:52.996,1775446312996,520,exp_igp_run1,1421.809,2.635,1,igp,medium,igp,igp_default,igp_shortest,0,igp_baseline,0,0,none,,,igp,,,r1,,0,,,0,0,0,0,
2026-04-06T11:31:55.651,1775446315651,521,exp_igp_run1,1424.463,2.654,1,igp,medium,igp,igp_default,igp_shortest,0,igp_baseline,0,0,none,,,igp,,,r1,,0,,,0,0,0,0,
2026-04-06T11:31:58.278,1775446318278,522,exp_igp_run1,1427.091,2.627,1,igp,medium,igp,igp_default,igp_shortest,0,igp_baseline,0,0,none,,,igp,,,r1,,0,,,0,0,0,0,
2026-04-06T11:32:00.973,1775446320973,523,exp_igp_run1,1429.785,2.694,1,igp,medium,igp,igp_default,igp_shortest,0,igp_baseline,0,0,none,,,igp,,,r1,,0,,,0,0,0,0,
2026-04-06T11:32:03.581,1775446323581,524,exp_igp_run1,1432.394,2.608,1,igp,medium,igp,igp_default,igp_shortest,0,igp_baseline,0,0,none,,,igp,,,r1,,0,,,0,0,0,0,
2026-04-06T11:32:06.240,1775446326240,525,exp_igp_run1,1435.053,2.659,1,igp,medium,igp,igp_default,igp_shortest,0,igp_baseline,0,0,none,,,igp,,,r1,,0,,,0,0,0,0,
2026-04-06T11:32:08.836,1775446328836,526,exp_igp_run1,1437.649,2.596,1,igp,medium,igp,igp_default,igp_shortest,0,igp_baseline,0,0,none,,,igp,,,r1,,0,,,0,0,0,0,
2026-04-06T11:32:11.517,1775446331517,527,exp_igp_run1,1440.33,2.681,1,igp,medium,igp,igp_default,igp_shortest,0,igp_baseline,0,0,none,,,igp,,,r1,,0,,,0,0,0,0,
2026-04-06T11:32:14.168,1775446334168,528,exp_igp_run1,1442.981,2.651,1,igp,medium,igp,igp_default,igp_shortest,0,igp_baseline,0,0,none,,,igp,,,r1,,0,,,0,0,0,0,
2026-04-06T11:32:16.802,1775446336802,529,exp_igp_run1,1445.614,2.634,1,igp,medium,igp,igp_default,igp_shortest,0,igp_baseline,0,0,none,,,igp,,,r1,,0,,,0,0,0,0,
2026-04-06T11:32:19.458,1775446339458,530,exp_igp_run1,1448.27,2.656,1,igp,medium,igp,igp_default,igp_shortest,0,igp_baseline,0,0,none,,,igp,,,r1,,0,,,0,0,0,0,
2026-04-06T11:32:22.087,1775446342087,531,exp_igp_run1,1450.899,2.629,1,igp,medium,igp,igp_default,igp_shortest,0,igp_baseline,0,0,none,,,igp,,,r1,,0,,,0,0,0,0,
2026-04-06T11:32:24.733,1775446344733,532,exp_igp_run1,1453.546,2.647,1,igp,medium,igp,igp_default,igp_shortest,0,igp_baseline,0,0,none,,,igp,,,r1,,0,,,0,0,0,0,
2026-04-06T11:32:27.400,1775446347400,533,exp_igp_run1,1456.213,2.667,1,igp,medium,igp,igp_default,igp_shortest,0,igp_baseline,0,0,none,,,igp,,,r1,,0,,,0,0,0,0,
2026-04-06T11:32:30.009,1775446350009,534,exp_igp_run1,1458.822,2.609,1,igp,medium,igp,igp_default,igp_shortest,0,igp_baseline,0,0,none,,,igp,,,r1,,0,,,0,0,0,0,
2026-04-06T11:32:32.658,1775446352658,535,exp_igp_run1,1461.47,2.649,1,igp,medium,igp,igp_default,igp_shortest,0,igp_baseline,0,0,none,,,igp,,,r1,,0,,,0,0,0,0,
2026-04-06T11:32:35.279,1775446355279,536,exp_igp_run1,1464.092,2.622,1,igp,medium,igp,igp_default,igp_shortest,0,igp_baseline,0,0,none,,,igp,,,r1,,0,,,0,0,0,0,
2026-04-06T11:32:37.926,1775446357926,537,exp_igp_run1,1466.739,2.646,1,igp,medium,igp,igp_default,igp_shortest,0,igp_baseline,0,0,none,,,igp,,,r1,,0,,,0,0,0,0,
2026-04-06T11:32:40.601,1775446360601,538,exp_igp_run1,1469.414,2.676,1,igp,medium,igp,igp_default,igp_shortest,0,igp_baseline,0,0,none,,,igp,,,r1,,0,,,0,0,0,0,
2026-04-06T11:32:43.268,1775446363268,539,exp_igp_run1,1472.08,2.666,1,igp,medium,igp,igp_default,igp_shortest,0,igp_baseline,0,0,none,,,igp,,,r1,,0,,,0,0,0,0,
2026-04-06T11:32:45.927,1775446365927,540,exp_igp_run1,1474.74,2.66,1,igp,medium,igp,igp_default,igp_shortest,0,igp_baseline,0,0,none,,,igp,,,r1,,0,,,0,0,0,0,
2026-04-06T11:32:48.524,1775446368524,541,exp_igp_run1,1477.336,2.596,1,igp,medium,igp,igp_default,igp_shortest,0,igp_baseline,0,0,none,,,igp,,,r1,,0,,,0,0,0,0,
2026-04-06T11:32:51.160,1775446371160,542,exp_igp_run1,1479.973,2.637,1,igp,medium,igp,igp_default,igp_shortest,0,igp_baseline,0,0,none,,,igp,,,r1,,0,,,0,0,0,0,
2026-04-06T11:32:53.784,1775446373784,543,exp_igp_run1,1482.597,2.624,1,igp,medium,igp,igp_default,igp_shortest,0,igp_baseline,0,0,none,,,igp,,,r1,,0,,,0,0,0,0,
2026-04-06T11:32:56.473,1775446376473,544,exp_igp_run1,1485.286,2.689,1,igp,medium,igp,igp_default,igp_shortest,0,igp_baseline,0,0,none,,,igp,,,r1,,0,,,0,0,0,0,
2026-04-06T11:32:59.077,1775446379077,545,exp_igp_run1,1487.89,2.604,1,igp,medium,igp,igp_default,igp_shortest,0,igp_baseline,0,0,none,,,igp,,,r1,,0,,,0,0,0,0,
2026-04-06T11:33:01.657,1775446381657,546,exp_igp_run1,1490.47,2.58,1,igp,medium,igp,igp_default,igp_shortest,0,igp_baseline,0,0,none,,,igp,,,r1,,0,,,0,0,0,0,
2026-04-06T11:33:04.277,1775446384277,547,exp_igp_run1,1493.09,2.619,1,igp,medium,igp,igp_default,igp_shortest,0,igp_baseline,0,0,none,,,igp,,,r1,,0,,,0,0,0,0,
2026-04-06T11:33:06.837,1775446386837,548,exp_igp_run1,1495.65,2.56,1,igp,medium,igp,igp_default,igp_shortest,0,igp_baseline,0,0,none,,,igp,,,r1,,0,,,0,0,0,0,
2026-04-06T11:33:09.514,1775446389514,549,exp_igp_run1,1498.327,2.677,1,igp,medium,igp,igp_default,igp_shortest,0,igp_baseline,0,0,none,,,igp,,,r1,,0,,,0,0,0,0,
2026-04-06T11:33:12.193,1775446392193,550,exp_igp_run1,1501.006,2.679,1,igp,medium,igp,igp_default,igp_shortest,0,igp_baseline,0,0,none,,,igp,,,r1,,0,,,0,0,0,0,
2026-04-06T11:33:14.846,1775446394846,551,exp_igp_run1,1503.659,2.653,1,igp,medium,igp,igp_default,igp_shortest,0,igp_baseline,0,0,none,,,igp,,,r1,,0,,,0,0,0,0,
2026-04-06T11:33:17.510,1775446397510,552,exp_igp_run1,1506.323,2.664,1,igp,medium,igp,igp_default,igp_shortest,0,igp_baseline,0,0,none,,,igp,,,r1,,0,,,0,0,0,0,
2026-04-06T11:33:20.161,1775446400161,553,exp_igp_run1,1508.974,2.651,1,igp,medium,igp,igp_default,igp_shortest,0,igp_baseline,0,0,none,,,igp,,,r1,,0,,,0,0,0,0,
2026-04-06T11:33:22.790,1775446402790,554,exp_igp_run1,1511.603,2.629,1,igp,medium,igp,igp_default,igp_shortest,0,igp_baseline,0,0,none,,,igp,,,r1,,0,,,0,0,0,0,
2026-04-06T11:33:25.465,1775446405465,555,exp_igp_run1,1514.278,2.675,1,igp,medium,igp,igp_default,igp_shortest,0,igp_baseline,0,0,none,,,igp,,,r1,,0,,,0,0,0,0,
2026-04-06T11:33:28.145,1775446408145,556,exp_igp_run1,1516.958,2.68,1,igp,medium,igp,igp_default,igp_shortest,0,igp_baseline,0,0,none,,,igp,,,r1,,0,,,0,0,0,0,
2026-04-06T11:33:30.753,1775446410753,557,exp_igp_run1,1519.566,2.608,1,igp,medium,igp,igp_default,igp_shortest,0,igp_baseline,0,0,none,,,igp,,,r1,,0,,,0,0,0,0,
2026-04-06T11:33:33.381,1775446413381,558,exp_igp_run1,1522.194,2.628,1,igp,medium,igp,igp_default,igp_shortest,0,igp_baseline,0,0,none,,,igp,,,r1,,0,,,0,0,0,0,
2026-04-06T11:33:36.034,1775446416034,559,exp_igp_run1,1524.846,2.653,1,igp,medium,igp,igp_default,igp_shortest,0,igp_baseline,0,0,none,,,igp,,,r1,,0,,,0,0,0,0,
2026-04-06T11:33:38.674,1775446418674,560,exp_igp_run1,1527.487,2.64,1,igp,medium,igp,igp_default,igp_shortest,0,igp_baseline,0,0,none,,,igp,,,r1,,0,,,0,0,0,0,
2026-04-06T11:33:41.314,1775446421314,561,exp_igp_run1,1530.127,2.64,1,igp,medium,igp,igp_default,igp_shortest,0,igp_baseline,0,0,none,,,igp,,,r1,,0,,,0,0,0,0,
2026-04-06T11:33:43.965,1775446423965,562,exp_igp_run1,1532.777,2.65,1,igp,medium,igp,igp_default,igp_shortest,0,igp_baseline,0,0,none,,,igp,,,r1,,0,,,0,0,0,0,
2026-04-06T11:33:46.658,1775446426658,563,exp_igp_run1,1535.471,2.694,1,igp,medium,igp,igp_default,igp_shortest,0,igp_baseline,0,0,none,,,igp,,,r1,,0,,,0,0,0,0,
2026-04-06T11:33:49.281,1775446429281,564,exp_igp_run1,1538.094,2.623,1,igp,medium,igp,igp_default,igp_shortest,0,igp_baseline,0,0,none,,,igp,,,r1,,0,,,0,0,0,0,
2026-04-06T11:33:51.921,1775446431921,565,exp_igp_run1,1540.734,2.64,1,igp,medium,igp,igp_default,igp_shortest,0,igp_baseline,0,0,none,,,igp,,,r1,,0,,,0,0,0,0,
2026-04-06T11:33:54.582,1775446434582,566,exp_igp_run1,1543.394,2.661,1,igp,medium,igp,igp_default,igp_shortest,0,igp_baseline,0,0,none,,,igp,,,r1,,0,,,0,0,0,0,
2026-04-06T11:33:57.178,1775446437178,567,exp_igp_run1,1545.99,2.596,1,igp,medium,igp,igp_default,igp_shortest,0,igp_baseline,0,0,none,,,igp,,,r1,,0,,,0,0,0,0,
2026-04-06T11:33:59.805,1775446439805,568,exp_igp_run1,1548.618,2.627,1,igp,medium,igp,igp_default,igp_shortest,0,igp_baseline,0,0,none,,,igp,,,r1,,0,,,0,0,0,0,
2026-04-06T11:34:02.393,1775446442393,569,exp_igp_run1,1551.206,2.588,1,igp,medium,igp,igp_default,igp_shortest,0,igp_baseline,0,0,none,,,igp,,,r1,,0,,,0,0,0,0,
2026-04-06T11:34:05.014,1775446445014,570,exp_igp_run1,1553.827,2.621,1,igp,medium,igp,igp_default,igp_shortest,0,igp_baseline,0,0,none,,,igp,,,r1,,0,,,0,0,0,0,
2026-04-06T11:34:07.674,1775446447674,571,exp_igp_run1,1556.487,2.66,1,igp,medium,igp,igp_default,igp_shortest,0,igp_baseline,0,0,none,,,igp,,,r1,,0,,,0,0,0,0,
2026-04-06T11:34:10.322,1775446450322,572,exp_igp_run1,1559.135,2.648,1,igp,medium,igp,igp_default,igp_shortest,0,igp_baseline,0,0,none,,,igp,,,r1,,0,,,0,0,0,0,
2026-04-06T11:34:12.982,1775446452982,573,exp_igp_run1,1561.795,2.66,1,igp,medium,igp,igp_default,igp_shortest,0,igp_baseline,0,0,none,,,igp,,,r1,,0,,,0,0,0,0,
2026-04-06T11:34:15.682,1775446455682,574,exp_igp_run1,1564.495,2.7,1,igp,medium,igp,igp_default,igp_shortest,0,igp_baseline,0,0,none,,,igp,,,r1,,0,,,0,0,0,0,
2026-04-06T11:34:18.347,1775446458347,575,exp_igp_run1,1567.16,2.665,1,igp,medium,igp,igp_default,igp_shortest,0,igp_baseline,0,0,none,,,igp,,,r1,,0,,,0,0,0,0,
2026-04-06T11:34:21.012,1775446461012,576,exp_igp_run1,1569.824,2.665,1,igp,medium,igp,igp_default,igp_shortest,0,igp_baseline,0,0,none,,,igp,,,r1,,0,,,0,0,0,0,
2026-04-06T11:34:23.654,1775446463654,577,exp_igp_run1,1572.466,2.642,1,igp,medium,igp,igp_default,igp_shortest,0,igp_baseline,0,0,none,,,igp,,,r1,,0,,,0,0,0,0,
2026-04-06T11:34:26.285,1775446466285,578,exp_igp_run1,1575.098,2.631,1,igp,medium,igp,igp_default,igp_shortest,0,igp_baseline,0,0,none,,,igp,,,r1,,0,,,0,0,0,0,
2026-04-06T11:34:28.926,1775446468926,579,exp_igp_run1,1577.739,2.641,1,igp,medium,igp,igp_default,igp_shortest,0,igp_baseline,0,0,none,,,igp,,,r1,,0,,,0,0,0,0,
2026-04-06T11:34:31.545,1775446471545,580,exp_igp_run1,1580.358,2.619,1,igp,medium,igp,igp_default,igp_shortest,0,igp_baseline,0,0,none,,,igp,,,r1,,0,,,0,0,0,0,
2026-04-06T11:34:34.126,1775446474126,581,exp_igp_run1,1582.938,2.581,1,igp,medium,igp,igp_default,igp_shortest,0,igp_baseline,0,0,none,,,igp,,,r1,,0,,,0,0,0,0,
2026-04-06T11:34:36.777,1775446476777,582,exp_igp_run1,1585.59,2.651,1,igp,medium,igp,igp_default,igp_shortest,0,igp_baseline,0,0,none,,,igp,,,r1,,0,,,0,0,0,0,
2026-04-06T11:34:39.397,1775446479397,583,exp_igp_run1,1588.209,2.62,1,igp,medium,igp,igp_default,igp_shortest,0,igp_baseline,0,0,none,,,igp,,,r1,,0,,,0,0,0,0,
2026-04-06T11:34:42.014,1775446482014,584,exp_igp_run1,1590.827,2.618,1,igp,medium,igp,igp_default,igp_shortest,0,igp_baseline,0,0,none,,,igp,,,r1,,0,,,0,0,0,0,
2026-04-06T11:34:44.661,1775446484661,585,exp_igp_run1,1593.474,2.647,1,igp,medium,igp,igp_default,igp_shortest,0,igp_baseline,0,0,none,,,igp,,,r1,,0,,,0,0,0,0,
2026-04-06T11:34:47.318,1775446487318,586,exp_igp_run1,1596.131,2.657,1,igp,medium,igp,igp_default,igp_shortest,0,igp_baseline,0,0,none,,,igp,,,r1,,0,,,0,0,0,0,
2026-04-06T11:34:49.954,1775446489954,587,exp_igp_run1,1598.767,2.636,1,igp,medium,igp,igp_default,igp_shortest,0,igp_baseline,0,0,none,,,igp,,,r1,,0,,,0,0,0,0,
2026-04-06T11:34:52.569,1775446492569,588,exp_igp_run1,1601.382,2.615,1,igp,medium,igp,igp_default,igp_shortest,0,igp_baseline,0,0,none,,,igp,,,r1,,0,,,0,0,0,0,
2026-04-06T11:34:55.206,1775446495206,589,exp_igp_run1,1604.018,2.637,1,igp,medium,igp,igp_default,igp_shortest,0,igp_baseline,0,0,none,,,igp,,,r1,,0,,,0,0,0,0,
2026-04-06T11:34:57.897,1775446497897,590,exp_igp_run1,1606.71,2.692,1,igp,medium,igp,igp_default,igp_shortest,0,igp_baseline,0,0,none,,,igp,,,r1,,0,,,0,0,0,0,
2026-04-06T11:35:00.593,1775446500593,591,exp_igp_run1,1609.406,2.696,1,igp,medium,igp,igp_default,igp_shortest,0,igp_baseline,0,0,none,,,igp,,,r1,,0,,,0,0,0,0,
2026-04-06T11:35:03.209,1775446503209,592,exp_igp_run1,1612.022,2.616,1,igp,medium,igp,igp_default,igp_shortest,0,igp_baseline,0,0,none,,,igp,,,r1,,0,,,0,0,0,0,
2026-04-06T11:35:05.885,1775446505885,593,exp_igp_run1,1614.698,2.676,1,igp,medium,igp,igp_default,igp_shortest,0,igp_baseline,0,0,none,,,igp,,,r1,,0,,,0,0,0,0,
2026-04-06T11:35:08.533,1775446508533,594,exp_igp_run1,1617.346,2.648,1,igp,medium,igp,igp_default,igp_shortest,0,igp_baseline,0,0,none,,,igp,,,r1,,0,,,0,0,0,0,
2026-04-06T11:35:11.142,1775446511142,595,exp_igp_run1,1619.955,2.609,1,igp,medium,igp,igp_default,igp_shortest,0,igp_baseline,0,0,none,,,igp,,,r1,,0,,,0,0,0,0,
2026-04-06T11:35:13.834,1775446513834,596,exp_igp_run1,1622.647,2.692,1,igp,medium,igp,igp_default,igp_shortest,0,igp_baseline,0,0,none,,,igp,,,r1,,0,,,0,0,0,0,
2026-04-06T11:35:16.495,1775446516495,597,exp_igp_run1,1625.308,2.661,1,igp,medium,igp,igp_default,igp_shortest,0,igp_baseline,0,0,none,,,igp,,,r1,,0,,,0,0,0,0,
2026-04-06T11:35:19.098,1775446519098,598,exp_igp_run1,1627.911,2.603,1,igp,medium,igp,igp_default,igp_shortest,0,igp_baseline,0,0,none,,,igp,,,r1,,0,,,0,0,0,0,
2026-04-06T11:35:21.728,1775446521728,599,exp_igp_run1,1630.541,2.63,1,igp,medium,igp,igp_default,igp_shortest,0,igp_baseline,0,0,none,,,igp,,,r1,,0,,,0,0,0,0,
2026-04-06T11:35:24.382,1775446524382,600,exp_igp_run1,1633.195,2.654,1,igp,medium,igp,igp_default,igp_shortest,0,igp_baseline,0,0,none,,,igp,,,r1,,0,,,0,0,0,0,
2026-04-06T11:35:27.061,1775446527061,601,exp_igp_run1,1635.874,2.679,1,igp,medium,igp,igp_default,igp_shortest,0,igp_baseline,0,0,none,,,igp,,,r1,,0,,,0,0,0,0,
2026-04-06T11:35:29.687,1775446529687,602,exp_igp_run1,1638.499,2.625,1,igp,medium,igp,igp_default,igp_shortest,0,igp_baseline,0,0,none,,,igp,,,r1,,0,,,0,0,0,0,
2026-04-06T11:35:32.285,1775446532285,603,exp_igp_run1,1641.098,2.599,1,igp,medium,igp,igp_default,igp_shortest,0,igp_baseline,0,0,none,,,igp,,,r1,,0,,,0,0,0,0,
2026-04-06T11:35:34.934,1775446534934,604,exp_igp_run1,1643.747,2.649,1,igp,medium,igp,igp_default,igp_shortest,0,igp_baseline,0,0,none,,,igp,,,r1,,0,,,0,0,0,0,
2026-04-06T11:35:37.545,1775446537545,605,exp_igp_run1,1646.358,2.611,1,igp,medium,igp,igp_default,igp_shortest,0,igp_baseline,0,0,none,,,igp,,,r1,,0,,,0,0,0,0,
2026-04-06T11:35:40.239,1775446540239,606,exp_igp_run1,1649.052,2.694,1,igp,medium,igp,igp_default,igp_shortest,0,igp_baseline,0,0,none,,,igp,,,r1,,0,,,0,0,0,0,
2026-04-06T11:35:42.834,1775446542834,607,exp_igp_run1,1651.647,2.595,1,igp,medium,igp,igp_default,igp_shortest,0,igp_baseline,0,0,none,,,igp,,,r1,,0,,,0,0,0,0,
2026-04-06T11:35:45.502,1775446545502,608,exp_igp_run1,1654.315,2.668,1,igp,medium,igp,igp_default,igp_shortest,0,igp_baseline,0,0,none,,,igp,,,r1,,0,,,0,0,0,0,
2026-04-06T11:35:48.146,1775446548146,609,exp_igp_run1,1656.959,2.644,1,igp,medium,igp,igp_default,igp_shortest,0,igp_baseline,0,0,none,,,igp,,,r1,,0,,,0,0,0,0,
2026-04-06T11:35:50.813,1775446550813,610,exp_igp_run1,1659.626,2.667,1,igp,medium,igp,igp_default,igp_shortest,0,igp_baseline,0,0,none,,,igp,,,r1,,0,,,0,0,0,0,
2026-04-06T11:35:53.522,1775446553522,611,exp_igp_run1,1662.335,2.709,1,igp,medium,igp,igp_default,igp_shortest,0,igp_baseline,0,0,none,,,igp,,,r1,,0,,,0,0,0,0,
2026-04-06T11:35:56.162,1775446556162,612,exp_igp_run1,1664.975,2.64,1,igp,medium,igp,igp_default,igp_shortest,0,igp_baseline,0,0,none,,,igp,,,r1,,0,,,0,0,0,0,
2026-04-06T11:35:58.804,1775446558804,613,exp_igp_run1,1667.617,2.642,1,igp,medium,igp,igp_default,igp_shortest,0,igp_baseline,0,0,none,,,igp,,,r1,,0,,,0,0,0,0,
2026-04-06T11:36:01.401,1775446561401,614,exp_igp_run1,1670.213,2.597,1,igp,medium,igp,igp_default,igp_shortest,0,igp_baseline,0,0,none,,,igp,,,r1,,0,,,0,0,0,0,
2026-04-06T11:36:04.041,1775446564041,615,exp_igp_run1,1672.854,2.64,1,igp,medium,igp,igp_default,igp_shortest,0,igp_baseline,0,0,none,,,igp,,,r1,,0,,,0,0,0,0,
2026-04-06T11:36:06.625,1775446566625,616,exp_igp_run1,1675.438,2.584,1,igp,medium,igp,igp_default,igp_shortest,0,igp_baseline,0,0,none,,,igp,,,r1,,0,,,0,0,0,0,
2026-04-06T11:36:09.212,1775446569212,617,exp_igp_run1,1678.024,2.587,1,igp,medium,igp,igp_default,igp_shortest,0,igp_baseline,0,0,none,,,igp,,,r1,,0,,,0,0,0,0,
2026-04-06T11:36:11.862,1775446571862,618,exp_igp_run1,1680.675,2.65,1,igp,medium,igp,igp_default,igp_shortest,0,igp_baseline,0,0,none,,,igp,,,r1,,0,,,0,0,0,0,
2026-04-06T11:36:14.504,1775446574504,619,exp_igp_run1,1683.317,2.642,1,igp,medium,igp,igp_default,igp_shortest,0,igp_baseline,0,0,none,,,igp,,,r1,,0,,,0,0,0,0,
2026-04-06T11:36:17.139,1775446577139,620,exp_igp_run1,1685.952,2.635,1,igp,medium,igp,igp_default,igp_shortest,0,igp_baseline,0,0,none,,,igp,,,r1,,0,,,0,0,0,0,
2026-04-06T11:36:19.770,1775446579770,621,exp_igp_run1,1688.583,2.631,1,igp,medium,igp,igp_default,igp_shortest,0,igp_baseline,0,0,none,,,igp,,,r1,,0,,,0,0,0,0,
2026-04-06T11:36:22.473,1775446582473,622,exp_igp_run1,1691.286,2.703,1,igp,medium,igp,igp_default,igp_shortest,0,igp_baseline,0,0,none,,,igp,,,r1,,0,,,0,0,0,0,
2026-04-06T11:36:25.121,1775446585121,623,exp_igp_run1,1693.934,2.648,1,igp,medium,igp,igp_default,igp_shortest,0,igp_baseline,0,0,none,,,igp,,,r1,,0,,,0,0,0,0,
2026-04-06T11:36:27.716,1775446587716,624,exp_igp_run1,1696.529,2.595,1,igp,medium,igp,igp_default,igp_shortest,0,igp_baseline,0,0,none,,,igp,,,r1,,0,,,0,0,0,0,
2026-04-06T11:36:30.326,1775446590326,625,exp_igp_run1,1699.138,2.61,1,igp,medium,igp,igp_default,igp_shortest,0,igp_baseline,0,0,none,,,igp,,,r1,,0,,,0,0,0,0,
2026-04-06T11:36:32.954,1775446592954,626,exp_igp_run1,1701.767,2.629,1,igp,medium,igp,igp_default,igp_shortest,0,igp_baseline,0,0,none,,,igp,,,r1,,0,,,0,0,0,0,
2026-04-06T11:36:35.638,1775446595638,627,exp_igp_run1,1704.451,2.684,1,igp,medium,igp,igp_default,igp_shortest,0,igp_baseline,0,0,none,,,igp,,,r1,,0,,,0,0,0,0,
2026-04-06T11:36:38.248,1775446598248,628,exp_igp_run1,1707.061,2.61,1,igp,medium,igp,igp_default,igp_shortest,0,igp_baseline,0,0,none,,,igp,,,r1,,0,,,0,0,0,0,
2026-04-06T11:36:40.917,1775446600917,629,exp_igp_run1,1709.73,2.669,1,igp,medium,igp,igp_default,igp_shortest,0,igp_baseline,0,0,none,,,igp,,,r1,,0,,,0,0,0,0,
2026-04-06T11:36:43.535,1775446603536,630,exp_igp_run1,1712.348,2.618,1,igp,medium,igp,igp_default,igp_shortest,0,igp_baseline,0,0,none,,,igp,,,r1,,0,,,0,0,0,0,
2026-04-06T11:36:46.154,1775446606154,631,exp_igp_run1,1714.967,2.619,1,igp,medium,igp,igp_default,igp_shortest,0,igp_baseline,0,0,none,,,igp,,,r1,,0,,,0,0,0,0,
2026-04-06T11:36:48.785,1775446608785,632,exp_igp_run1,1717.598,2.631,1,igp,medium,igp,igp_default,igp_shortest,0,igp_baseline,0,0,none,,,igp,,,r1,,0,,,0,0,0,0,
2026-04-06T11:36:51.461,1775446611461,633,exp_igp_run1,1720.274,2.676,1,igp,medium,igp,igp_default,igp_shortest,0,igp_baseline,0,0,none,,,igp,,,r1,,0,,,0,0,0,0,
2026-04-06T11:36:54.150,1775446614150,634,exp_igp_run1,1722.962,2.689,1,igp,medium,igp,igp_default,igp_shortest,0,igp_baseline,0,0,none,,,igp,,,r1,,0,,,0,0,0,0,
2026-04-06T11:36:56.808,1775446616808,635,exp_igp_run1,1725.621,2.659,1,igp,medium,igp,igp_default,igp_shortest,0,igp_baseline,0,0,none,,,igp,,,r1,,0,,,0,0,0,0,
2026-04-06T11:36:59.409,1775446619409,636,exp_igp_run1,1728.222,2.601,1,igp,medium,igp,igp_default,igp_shortest,0,igp_baseline,0,0,none,,,igp,,,r1,,0,,,0,0,0,0,
2026-04-06T11:37:02.033,1775446622033,637,exp_igp_run1,1730.846,2.624,1,igp,medium,igp,igp_default,igp_shortest,0,igp_baseline,0,0,none,,,igp,,,r1,,0,,,0,0,0,0,
2026-04-06T11:37:04.657,1775446624657,638,exp_igp_run1,1733.47,2.624,1,igp,medium,igp,igp_default,igp_shortest,0,igp_baseline,0,0,none,,,igp,,,r1,,0,,,0,0,0,0,
2026-04-06T11:37:07.261,1775446627261,639,exp_igp_run1,1736.074,2.604,1,igp,medium,igp,igp_default,igp_shortest,0,igp_baseline,0,0,none,,,igp,,,r1,,0,,,0,0,0,0,
2026-04-06T11:37:09.918,1775446629918,640,exp_igp_run1,1738.73,2.656,1,igp,medium,igp,igp_default,igp_shortest,0,igp_baseline,0,0,none,,,igp,,,r1,,0,,,0,0,0,0,
2026-04-06T11:37:12.589,1775446632589,641,exp_igp_run1,1741.402,2.672,1,igp,medium,igp,igp_default,igp_shortest,0,igp_baseline,0,0,none,,,igp,,,r1,,0,,,0,0,0,0,
2026-04-06T11:37:15.218,1775446635218,642,exp_igp_run1,1744.031,2.629,1,igp,medium,igp,igp_default,igp_shortest,0,igp_baseline,0,0,none,,,igp,,,r1,,0,,,0,0,0,0,
2026-04-06T11:37:17.877,1775446637877,643,exp_igp_run1,1746.69,2.659,1,igp,medium,igp,igp_default,igp_shortest,0,igp_baseline,0,0,none,,,igp,,,r1,,0,,,0,0,0,0,
2026-04-06T11:37:20.577,1775446640577,644,exp_igp_run1,1749.39,2.7,1,igp,medium,igp,igp_default,igp_shortest,0,igp_baseline,0,0,none,,,igp,,,r1,,0,,,0,0,0,0,
2026-04-06T11:37:23.194,1775446643194,645,exp_igp_run1,1752.007,2.617,1,igp,medium,igp,igp_default,igp_shortest,0,igp_baseline,0,0,none,,,igp,,,r1,,0,,,0,0,0,0,
2026-04-06T11:37:25.810,1775446645810,646,exp_igp_run1,1754.623,2.616,1,igp,medium,igp,igp_default,igp_shortest,0,igp_baseline,0,0,none,,,igp,,,r1,,0,,,0,0,0,0,
2026-04-06T11:37:28.453,1775446648454,647,exp_igp_run1,1757.266,2.643,1,igp,medium,igp,igp_default,igp_shortest,0,igp_baseline,0,0,none,,,igp,,,r1,,0,,,0,0,0,0,
2026-04-06T11:37:31.075,1775446651075,648,exp_igp_run1,1759.887,2.621,1,igp,medium,igp,igp_default,igp_shortest,0,igp_baseline,0,0,none,,,igp,,,r1,,0,,,0,0,0,0,
2026-04-06T11:37:33.713,1775446653713,649,exp_igp_run1,1762.526,2.639,1,igp,medium,igp,igp_default,igp_shortest,0,igp_baseline,0,0,none,,,igp,,,r1,,0,,,0,0,0,0,
2026-04-06T11:37:36.358,1775446656358,650,exp_igp_run1,1765.171,2.645,1,igp,medium,igp,igp_default,igp_shortest,0,igp_baseline,0,0,none,,,igp,,,r1,,0,,,0,0,0,0,
2026-04-06T11:37:38.972,1775446658972,651,exp_igp_run1,1767.785,2.614,1,igp,medium,igp,igp_default,igp_shortest,0,igp_baseline,0,0,none,,,igp,,,r1,,0,,,0,0,0,0,
2026-04-06T11:37:41.609,1775446661609,652,exp_igp_run1,1770.422,2.637,1,igp,medium,igp,igp_default,igp_shortest,0,igp_baseline,0,0,none,,,igp,,,r1,,0,,,0,0,0,0,
2026-04-06T11:37:44.282,1775446664282,653,exp_igp_run1,1773.094,2.672,1,igp,medium,igp,igp_default,igp_shortest,0,igp_baseline,0,0,none,,,igp,,,r1,,0,,,0,0,0,0,
2026-04-06T11:37:46.955,1775446666955,654,exp_igp_run1,1775.768,2.673,1,igp,medium,igp,igp_default,igp_shortest,0,igp_baseline,0,0,none,,,igp,,,r1,,0,,,0,0,0,0,
2026-04-06T11:37:49.594,1775446669594,655,exp_igp_run1,1778.407,2.639,1,igp,medium,igp,igp_default,igp_shortest,0,igp_baseline,0,0,none,,,igp,,,r1,,0,,,0,0,0,0,
2026-04-06T11:37:52.244,1775446672244,656,exp_igp_run1,1781.057,2.65,1,igp,medium,igp,igp_default,igp_shortest,0,igp_baseline,0,0,none,,,igp,,,r1,,0,,,0,0,0,0,
2026-04-06T11:37:54.877,1775446674877,657,exp_igp_run1,1783.69,2.633,1,igp,medium,igp,igp_default,igp_shortest,0,igp_baseline,0,0,none,,,igp,,,r1,,0,,,0,0,0,0,
2026-04-06T11:37:57.528,1775446677528,658,exp_igp_run1,1786.341,2.651,1,igp,medium,igp,igp_default,igp_shortest,0,igp_baseline,0,0,none,,,igp,,,r1,,0,,,0,0,0,0,
2026-04-06T11:38:00.193,1775446680193,659,exp_igp_run1,1789.006,2.665,1,igp,medium,igp,igp_default,igp_shortest,0,igp_baseline,0,0,none,,,igp,,,r1,,0,,,0,0,0,0,
2026-04-06T11:38:02.847,1775446682847,660,exp_igp_run1,1791.659,2.653,1,igp,medium,igp,igp_default,igp_shortest,0,igp_baseline,0,0,none,,,igp,,,r1,,0,,,0,0,0,0,
2026-04-06T11:38:05.489,1775446685489,661,exp_igp_run1,1794.302,2.642,1,igp,medium,igp,igp_default,igp_shortest,0,igp_baseline,0,0,none,,,igp,,,r1,,0,,,0,0,0,0,
2026-04-06T11:38:08.138,1775446688138,662,exp_igp_run1,1796.95,2.649,1,igp,medium,igp,igp_default,igp_shortest,0,igp_baseline,0,0,none,,,igp,,,r1,,0,,,0,0,0,0,
2026-04-06T11:38:10.793,1775446690793,663,exp_igp_run1,1799.606,2.656,1,igp,medium,igp,igp_default,igp_shortest,0,igp_baseline,0,0,none,,,igp,,,r1,,0,,,0,0,0,0,
